0.0000E+00	1.3800E+04	1.3800E+04	-1.5705E-01	-3.4972E+02	3.5000E+02	3.5000E+02
5.0000E-04	1.3656E+04	1.3944E+04	2.8864E+02	-3.4325E+02	3.4353E+02	3.4786E+02
1.0000E-03	1.3515E+04	1.4085E+04	5.7030E+02	-3.3290E+02	3.3316E+02	3.4171E+02
1.5000E-03	1.3379E+04	1.4220E+04	8.4122E+02	-3.1838E+02	3.1863E+02	3.3165E+02
2.0000E-03	1.3250E+04	1.4349E+04	1.0987E+03	-3.0112E+02	3.0136E+02	3.1784E+02
2.5000E-03	1.3129E+04	1.4469E+04	1.3402E+03	-2.8014E+02	2.8037E+02	3.0047E+02
3.0000E-03	1.3018E+04	1.4581E+04	1.5629E+03	-2.5615E+02	2.5635E+02	2.7979E+02
3.5000E-03	1.2917E+04	1.4681E+04	1.7649E+03	-2.2939E+02	2.2957E+02	2.5604E+02
4.0000E-03	1.2827E+04	1.4771E+04	1.9440E+03	-2.0023E+02	2.0038E+02	2.2954E+02
4.5000E-03	1.2750E+04	1.4848E+04	2.0980E+03	-1.6905E+02	1.6918E+02	2.0064E+02
5.0000E-03	1.2686E+04	1.4911E+04	2.2253E+03	-1.3626E+02	1.3636E+02	1.6974E+02
5.5000E-03	1.2636E+04	1.4961E+04	2.3248E+03	-1.0226E+02	1.0233E+02	1.3720E+02
6.0000E-03	1.2601E+04	1.4996E+04	2.3956E+03	-6.7478E+01	6.7521E+01	1.0346E+02
6.5000E-03	1.2580E+04	1.5017E+04	2.4373E+03	-3.2328E+01	3.2343E+01	6.8902E+01
7.0000E-03	1.2574E+04	1.5023E+04	2.4496E+03	2.7686E+00	-2.7835E+00	3.3961E+01
7.5000E-03	1.2582E+04	1.5015E+04	2.4330E+03	3.7400E+01	-3.7444E+01	-9.4937E-01
8.0000E-03	1.2605E+04	1.4993E+04	2.3877E+03	7.1162E+01	-7.1234E+01	-3.5418E+01
8.5000E-03	1.2641E+04	1.4956E+04	2.3149E+03	1.0367E+02	-1.0377E+02	-6.9044E+01
9.0000E-03	1.2691E+04	1.4907E+04	2.2157E+03	1.3455E+02	-1.3467E+02	-1.0144E+02
9.5000E-03	1.2753E+04	1.4845E+04	2.0915E+03	1.6346E+02	-1.6361E+02	-1.3224E+02
1.0000E-02	1.2827E+04	1.4771E+04	1.9441E+03	1.9009E+02	-1.9026E+02	-1.6110E+02
1.0500E-02	1.2911E+04	1.4687E+04	1.7756E+03	2.1414E+02	-2.1433E+02	-1.8770E+02
1.1000E-02	1.3005E+04	1.4593E+04	1.5883E+03	2.3537E+02	-2.3558E+02	-2.1175E+02
1.1500E-02	1.3107E+04	1.4491E+04	1.3845E+03	2.5356E+02	-2.5378E+02	-2.3301E+02
1.2000E-02	1.3216E+04	1.4383E+04	1.1668E+03	2.6853E+02	-2.6876E+02	-2.5126E+02
1.2500E-02	1.3330E+04	1.4269E+04	9.3809E+02	2.8014E+02	-2.8039E+02	-2.6632E+02
1.3000E-02	1.3449E+04	1.4150E+04	7.0110E+02	2.8831E+02	-2.8856E+02	-2.7805E+02
1.3500E-02	1.3570E+04	1.4029E+04	4.5875E+02	2.9297E+02	-2.9323E+02	-2.8634E+02
1.4000E-02	1.3693E+04	1.3907E+04	2.1397E+02	2.9411E+02	-2.9437E+02	-2.9116E+02
1.4500E-02	1.3815E+04	1.3785E+04	-3.0320E+01	2.9177E+02	-2.9203E+02	-2.9248E+02
1.5000E-02	1.3936E+04	1.3665E+04	-2.7124E+02	2.8601E+02	-2.8626E+02	-2.9033E+02
1.5500E-02	1.4053E+04	1.3547E+04	-5.0599E+02	2.7695E+02	-2.7719E+02	-2.8478E+02
1.6000E-02	1.4166E+04	1.3435E+04	-7.3188E+02	2.6472E+02	-2.6496E+02	-2.7594E+02
1.6500E-02	1.4274E+04	1.3328E+04	-9.4634E+02	2.4953E+02	-2.4975E+02	-2.6394E+02
1.7000E-02	1.4374E+04	1.3227E+04	-1.1470E+03	2.3157E+02	-2.3178E+02	-2.4898E+02
1.7500E-02	1.4467E+04	1.3135E+04	-1.3316E+03	2.1110E+02	-2.1129E+02	-2.3127E+02
1.8000E-02	1.4550E+04	1.3052E+04	-1.4982E+03	1.8839E+02	-1.8856E+02	-2.1103E+02
1.8500E-02	1.4624E+04	1.2979E+04	-1.6450E+03	1.6373E+02	-1.6388E+02	-1.8856E+02
1.9000E-02	1.4687E+04	1.2916E+04	-1.7706E+03	1.3744E+02	-1.3757E+02	-1.6413E+02
1.9500E-02	1.4738E+04	1.2864E+04	-1.8737E+03	1.0986E+02	-1.0997E+02	-1.3807E+02
2.0000E-02	1.4778E+04	1.2825E+04	-1.9534E+03	8.1323E+01	-8.1405E+01	-1.1071E+02
2.0500E-02	1.4806E+04	1.2797E+04	-2.0091E+03	5.2179E+01	-5.2237E+01	-8.2374E+01
2.1000E-02	1.4822E+04	1.2781E+04	-2.0403E+03	2.2780E+01	-2.2814E+01	-5.3419E+01
2.1500E-02	1.4825E+04	1.2778E+04	-2.0471E+03	-6.5226E+00	6.5132E+00	-2.4193E+01
2.2000E-02	1.4816E+04	1.2787E+04	-2.0296E+03	-3.5384E+01	3.5399E+01	4.9552E+00
2.2500E-02	1.4796E+04	1.2807E+04	-1.9884E+03	-6.3470E+01	6.3508E+01	3.3683E+01
2.3000E-02	1.4763E+04	1.2839E+04	-1.9241E+03	-9.0457E+01	9.0518E+01	6.1656E+01
2.3500E-02	1.4720E+04	1.2882E+04	-1.8380E+03	-1.1604E+02	1.1612E+02	8.8554E+01
2.4000E-02	1.4667E+04	1.2936E+04	-1.7313E+03	-1.3994E+02	1.4004E+02	1.1407E+02
2.4500E-02	1.4604E+04	1.2998E+04	-1.6054E+03	-1.6189E+02	1.6201E+02	1.3793E+02
2.5000E-02	1.4532E+04	1.3070E+04	-1.4621E+03	-1.8165E+02	1.8179E+02	1.5986E+02
2.5500E-02	1.4453E+04	1.3149E+04	-1.3034E+03	-1.9903E+02	1.9918E+02	1.7963E+02
2.6000E-02	1.4366E+04	1.3235E+04	-1.1312E+03	-2.1384E+02	2.1400E+02	1.9703E+02
2.6500E-02	1.4275E+04	1.3327E+04	-9.4781E+02	-2.2594E+02	2.2611E+02	2.1189E+02
2.7000E-02	1.4178E+04	1.3423E+04	-7.5552E+02	-2.3522E+02	2.3540E+02	2.2407E+02
2.7500E-02	1.4079E+04	1.3522E+04	-5.5669E+02	-2.4161E+02	2.4180E+02	2.3345E+02
2.8000E-02	1.3977E+04	1.3623E+04	-3.5376E+02	-2.4507E+02	2.4526E+02	2.3996E+02
2.8500E-02	1.3875E+04	1.3726E+04	-1.4918E+02	-2.4560E+02	2.4579E+02	2.4355E+02
2.9000E-02	1.3773E+04	1.3827E+04	5.4623E+01	-2.4321E+02	2.4340E+02	2.4422E+02
2.9500E-02	1.3672E+04	1.3928E+04	2.5525E+02	-2.3799E+02	2.3817E+02	2.4200E+02
3.0000E-02	1.3575E+04	1.4025E+04	4.5037E+02	-2.3002E+02	2.3020E+02	2.3695E+02
3.0500E-02	1.3481E+04	1.4119E+04	6.3774E+02	-2.1944E+02	2.1961E+02	2.2917E+02
3.1000E-02	1.3392E+04	1.4207E+04	8.1527E+02	-2.0639E+02	2.0655E+02	2.1878E+02
3.1500E-02	1.3309E+04	1.4290E+04	9.8096E+02	-1.9107E+02	1.9122E+02	2.0594E+02
3.2000E-02	1.3233E+04	1.4366E+04	1.1330E+03	-1.7369E+02	1.7382E+02	1.9082E+02
3.2500E-02	1.3164E+04	1.4434E+04	1.2698E+03	-1.5447E+02	1.5459E+02	1.7364E+02
3.3000E-02	1.3104E+04	1.4494E+04	1.3899E+03	-1.3367E+02	1.3377E+02	1.5462E+02
3.3500E-02	1.3053E+04	1.4545E+04	1.4921E+03	-1.1155E+02	1.1163E+02	1.3401E+02
3.4000E-02	1.3011E+04	1.4587E+04	1.5754E+03	-8.8383E+01	8.8444E+01	1.1208E+02
3.4500E-02	1.2979E+04	1.4619E+04	1.6391E+03	-6.4462E+01	6.4503E+01	8.9090E+01
3.5000E-02	1.2958E+04	1.4640E+04	1.6827E+03	-4.0078E+01	4.0098E+01	6.5339E+01
3.5500E-02	1.2946E+04	1.4652E+04	1.7058E+03	-1.5523E+01	1.5523E+01	4.1110E+01
3.6000E-02	1.2945E+04	1.4653E+04	1.7086E+03	8.9106E+00	-8.9310E+00	1.6698E+01
3.6500E-02	1.2953E+04	1.4645E+04	1.6911E+03	3.2936E+01	-3.2976E+01	-7.6096E+00
3.7000E-02	1.2972E+04	1.4626E+04	1.6539E+03	5.6274E+01	-5.6334E+01	-3.1525E+01
3.7500E-02	1.3000E+04	1.4598E+04	1.5976E+03	7.8658E+01	-7.8737E+01	-5.4773E+01
3.8000E-02	1.3038E+04	1.4561E+04	1.5232E+03	9.9836E+01	-9.9932E+01	-7.7085E+01
3.8500E-02	1.3083E+04	1.4515E+04	1.4317E+03	1.1957E+02	-1.1969E+02	-9.8210E+01
3.9000E-02	1.3137E+04	1.4461E+04	1.3244E+03	1.3765E+02	-1.3778E+02	-1.1791E+02
3.9500E-02	1.3198E+04	1.4401E+04	1.2029E+03	1.5388E+02	-1.5403E+02	-1.3598E+02
4.0000E-02	1.3265E+04	1.4334E+04	1.0686E+03	1.6810E+02	-1.6825E+02	-1.5222E+02
4.0500E-02	1.3338E+04	1.4261E+04	9.2339E+02	1.8015E+02	-1.8031E+02	-1.6646E+02
4.1000E-02	1.3415E+04	1.4184E+04	7.6908E+02	1.8992E+02	-1.9010E+02	-1.7856E+02
4.1500E-02	1.3496E+04	1.4103E+04	6.0761E+02	1.9734E+02	-1.9752E+02	-1.8840E+02
4.2000E-02	1.3579E+04	1.4020E+04	4.4097E+02	2.0233E+02	-2.0251E+02	-1.9590E+02
4.2500E-02	1.3664E+04	1.3935E+04	2.7118E+02	2.0487E+02	-2.0505E+02	-2.0099E+02
4.3000E-02	1.3750E+04	1.3850E+04	1.0030E+02	2.0496E+02	-2.0514E+02	-2.0364E+02
4.3500E-02	1.3835E+04	1.3765E+04	-6.9643E+01	2.0263E+02	-2.0281E+02	-2.0386E+02
4.4000E-02	1.3919E+04	1.3682E+04	-2.3666E+02	1.9793E+02	-1.9811E+02	-2.0166E+02
4.4500E-02	1.4000E+04	1.3601E+04	-3.9881E+02	1.9096E+02	-1.9113E+02	-1.9712E+02
4.5000E-02	1.4078E+04	1.3523E+04	-5.5425E+02	1.8182E+02	-1.8199E+02	-1.9030E+02
4.5500E-02	1.4151E+04	1.3450E+04	-7.0121E+02	1.7065E+02	-1.7080E+02	-1.8132E+02
4.6000E-02	1.4220E+04	1.3382E+04	-8.3808E+02	1.5760E+02	-1.5774E+02	-1.7031E+02
4.6500E-02	1.4282E+04	1.3319E+04	-9.6335E+02	1.4285E+02	-1.4298E+02	-1.5743E+02
4.7000E-02	1.4339E+04	1.3263E+04	-1.0757E+03	1.2660E+02	-1.2672E+02	-1.4285E+02
4.7500E-02	1.4388E+04	1.3214E+04	-1.1739E+03	1.0905E+02	-1.0916E+02	-1.2676E+02
4.8000E-02	1.4429E+04	1.3172E+04	-1.2571E+03	9.0434E+01	-9.0524E+01	-1.0938E+02
4.8500E-02	1.4463E+04	1.3139E+04	-1.3244E+03	7.0982E+01	-7.1056E+01	-9.0922E+01
4.9000E-02	1.4489E+04	1.3113E+04	-1.3752E+03	5.0933E+01	-5.0990E+01	-7.1619E+01
4.9500E-02	1.4506E+04	1.3096E+04	-1.4092E+03	3.0532E+01	-3.0572E+01	-5.1710E+01
5.0000E-02	1.4514E+04	1.3088E+04	-1.4261E+03	1.0023E+01	-1.0046E+01	-3.1437E+01
