0.000000E+00	1.354300E-02	9.024800E+02	1.164900E+02	2.762200E-03	2.449600E-02	0.000000E+00	0.000000E+00	4.500000E+00	4.500000E+00	0.000000E+00	0.000000E+00	0.000000E+00
2.500000E-04	1.354200E-02	1.670700E+05	2.644400E+04	9.894900E+01	9.450000E+02	0.000000E+00	0.000000E+00	4.674200E+00	4.826400E+00	0.000000E+00	4.347113E+00	4.347113E+00
5.000000E-04	1.354000E-02	2.756500E+05	4.926300E+04	2.767700E+02	3.085300E+03	0.000000E+00	0.000000E+00	5.244100E+00	5.838600E+00	0.000000E+00	2.288649E+01	2.288649E+01
7.500000E-04	1.353700E-02	3.368900E+05	6.747800E+04	4.229200E+02	5.397200E+03	0.000000E+00	0.000000E+00	5.999100E+00	7.108300E+00	0.000000E+00	6.190599E+01	6.190599E+01
1.000000E-03	1.352200E-02	3.707200E+05	8.223500E+04	5.232100E+02	7.518000E+03	9.782500E+03	9.782500E+03	9.952900E+00	1.143400E+01	1.580100E-03	1.213159E+02	1.707665E+02
1.250000E-03	1.347400E-02	3.770900E+05	9.281600E+04	5.544500E+02	8.940000E+03	1.016600E+04	1.146700E+04	1.395400E+01	1.558100E+01	1.814900E-03	1.970227E+02	3.538895E+02
1.500000E-03	1.340700E-02	3.646400E+05	9.968500E+04	5.321500E+02	9.620500E+03	1.034500E+04	2.047400E+04	1.655500E+01	1.826300E+01	3.200400E-03	2.824010E+02	6.007295E+02
1.750000E-03	1.333300E-02	3.370500E+05	1.027000E+05	4.676200E+02	9.517200E+03	1.045200E+04	2.841400E+04	1.839600E+01	2.014200E+01	4.420200E-03	3.704344E+02	9.358918E+02
2.000000E-03	1.325200E-02	3.052400E+05	1.038300E+05	3.953700E+02	9.064000E+03	1.052700E+04	3.427500E+04	1.991000E+01	2.166800E+01	5.337200E-03	4.559080E+02	1.338258E+03
2.250000E-03	1.316800E-02	2.692700E+05	1.027700E+05	3.183800E+02	8.274300E+03	1.056400E+04	3.922600E+04	2.117300E+01	2.292300E+01	6.356500E-03	5.356641E+02	1.789562E+03
2.500000E-03	1.308200E-02	2.370900E+05	1.009400E+05	2.556000E+02	7.479900E+03	1.059400E+04	4.758500E+04	2.228100E+01	2.400900E+01	8.262900E-03	6.081335E+02	2.300861E+03
2.750000E-03	1.299400E-02	2.047900E+05	9.775100E+04	1.987600E+02	6.609100E+03	1.060500E+04	5.852500E+04	2.326000E+01	2.495900E+01	1.045500E-02	6.729429E+02	2.902056E+03
3.000000E-03	1.290600E-02	1.729400E+05	9.349600E+04	1.492400E+02	5.704100E+03	1.059900E+04	5.933400E+04	2.413600E+01	2.579900E+01	1.068000E-02	7.295836E+02	3.554474E+03
3.250000E-03	1.282000E-02	1.416000E+05	8.826400E+04	1.072600E+02	4.790300E+03	1.057500E+04	5.936200E+04	2.492000E+01	2.654500E+01	1.073000E-02	7.778578E+02	4.202757E+03
3.500000E-03	1.273400E-02	1.113400E+05	8.241400E+04	7.349500E+01	3.928900E+03	1.054100E+04	5.938200E+04	2.564600E+01	2.723200E+01	1.078200E-02	8.179661E+02	4.843116E+03
3.750000E-03	1.264800E-02	8.254800E+04	7.607200E+04	4.778600E+01	3.144900E+03	1.049900E+04	5.942200E+04	2.632200E+01	2.787000E+01	1.084400E-02	8.505056E+02	5.476210E+03
4.000000E-03	1.256000E-02	5.494200E+04	6.945100E+04	2.933300E+01	2.455800E+03	1.045400E+04	5.964600E+04	2.696900E+01	2.848000E+01	1.094800E-02	8.762688E+02	6.103862E+03
4.250000E-03	1.247300E-02	3.022200E+04	6.263800E+04	1.794100E+01	1.879800E+03	1.040900E+04	6.373000E+04	2.757900E+01	2.905500E+01	1.192600E-02	8.962126E+02	6.747471E+03
4.500000E-03	1.238700E-02	1.060400E+04	5.590800E+04	1.228300E+01	1.438200E+03	1.037200E+04	6.691000E+04	2.815100E+01	2.959300E+01	1.268100E-02	9.114754E+02	7.423119E+03
4.750000E-03	1.230200E-02	-8.431300E+03	4.892800E+04	1.009800E+01	1.072100E+03	1.033100E+04	6.704200E+04	2.869300E+01	3.010500E+01	1.274500E-02	9.230228E+02	8.111794E+03
5.000000E-03	1.221800E-02	-2.599900E+04	4.176600E+04	1.095200E+01	7.838500E+02	1.028600E+04	6.717700E+04	2.920500E+01	3.058900E+01	1.281100E-02	9.315601E+02	8.798808E+03
5.250000E-03	1.213400E-02	-4.248300E+04	3.454600E+04	1.444000E+01	5.705900E+02	1.024200E+04	6.732700E+04	2.969900E+01	3.105900E+01	1.288000E-02	9.377906E+02	9.484956E+03
5.500000E-03	1.205000E-02	-5.751900E+04	2.730500E+04	1.995400E+01	4.281700E+02	1.019900E+04	6.748900E+04	3.017400E+01	3.151100E+01	1.295000E-02	9.423849E+02	1.017105E+04
5.750000E-03	1.196700E-02	-7.093300E+04	2.015600E+04	2.685800E+01	3.505900E+02	1.015600E+04	6.766300E+04	3.063200E+01	3.194900E+01	1.302200E-02	9.459672E+02	1.085782E+04
6.000000E-03	1.188500E-02	-8.302100E+04	1.292700E+04	3.478400E+01	3.287500E+02	1.011600E+04	6.785100E+04	3.107400E+01	3.237300E+01	1.309500E-02	9.490921E+02	1.154597E+04
6.250000E-03	1.180300E-02	-9.322700E+04	5.952400E+03	4.285700E+01	3.548700E+02	1.007900E+04	6.805100E+04	3.150000E+01	3.278300E+01	1.317000E-02	9.522368E+02	1.223610E+04
6.500000E-03	1.172200E-02	-1.019600E+05	-8.837700E+02	5.089900E+01	4.199000E+02	1.004500E+04	6.826500E+04	3.191200E+01	3.318000E+01	1.324600E-02	9.558007E+02	1.292874E+04
6.750000E-03	1.164200E-02	-1.090200E+05	-7.516100E+03	5.832600E+01	5.133600E+02	1.001500E+04	6.849300E+04	3.231000E+01	3.356500E+01	1.332300E-02	9.600937E+02	1.362434E+04
7.000000E-03	1.156200E-02	-1.145900E+05	-1.391500E+04	6.494300E+01	6.269700E+02	9.989700E+03	6.873400E+04	3.269600E+01	3.394000E+01	1.340100E-02	9.653392E+02	1.432327E+04
7.250000E-03	1.148300E-02	-1.187400E+05	-2.005600E+04	7.056700E+01	7.527300E+02	9.969200E+03	6.899000E+04	3.307100E+01	3.430400E+01	1.348100E-02	9.716859E+02	1.502581E+04
7.500000E-03	1.140500E-02	-1.215900E+05	-2.591800E+04	7.509200E+01	8.836200E+02	9.953700E+03	6.926000E+04	3.343500E+01	3.465900E+01	1.356100E-02	9.792131E+02	1.573220E+04
7.750000E-03	1.132800E-02	-1.232300E+05	-3.148500E+04	7.847200E+01	1.013600E+03	9.943400E+03	6.955900E+04	3.379000E+01	3.500500E+01	1.364500E-02	9.879403E+02	1.644265E+04
8.000000E-03	1.125100E-02	-1.237500E+05	-3.674400E+04	8.069700E+01	1.137400E+03	9.938700E+03	6.992700E+04	3.413600E+01	3.534200E+01	1.374200E-02	9.978349E+02	1.715765E+04
8.250000E-03	1.117400E-02	-1.231700E+05	-4.168000E+04	8.171400E+01	1.249900E+03	9.939700E+03	7.056000E+04	3.447400E+01	3.567200E+01	1.388900E-02	1.008816E+03	1.787879E+04
8.500000E-03	1.109900E-02	-1.208200E+05	-4.619600E+04	8.073000E+01	1.338200E+03	9.949400E+03	7.415700E+04	3.480500E+01	3.599500E+01	1.462200E-02	1.020722E+03	1.862224E+04
8.750000E-03	1.102300E-02	-1.151600E+05	-5.007000E+04	7.603000E+01	1.374000E+03	9.975000E+03	7.854900E+04	3.512900E+01	3.631100E+01	1.550400E-02	1.033198E+03	1.940665E+04
9.000000E-03	1.094800E-02	-1.079600E+05	-5.345500E+04	6.979500E+01	1.372800E+03	1.001200E+04	8.494700E+04	3.544800E+01	3.662100E+01	1.677800E-02	1.045833E+03	2.024575E+04
9.250000E-03	1.087300E-02	-9.977400E+04	-5.635400E+04	6.280000E+01	1.337700E+03	1.006100E+04	8.684300E+04	3.576000E+01	3.692400E+01	1.716100E-02	1.058301E+03	2.112662E+04
9.500000E-03	1.079800E-02	-9.307600E+04	-5.910400E+04	5.760300E+01	1.305900E+03	1.011100E+04	8.737100E+04	3.606800E+01	3.722200E+01	1.727500E-02	1.070462E+03	2.201943E+04
9.750000E-03	1.072400E-02	-8.738500E+04	-6.172500E+04	5.364700E+01	1.278500E+03	1.016200E+04	8.812900E+04	3.637100E+01	3.751600E+01	1.743500E-02	1.082350E+03	2.291847E+04
1.000000E-02	1.064900E-02	-8.155300E+04	-6.413000E+04	4.985300E+01	1.244100E+03	1.021700E+04	9.159700E+04	3.667000E+01	3.780600E+01	1.812800E-02	1.093954E+03	2.383859E+04
1.025000E-02	1.057500E-02	-7.211600E+04	-6.586000E+04	4.349300E+01	1.157600E+03	1.029000E+04	9.974600E+04	3.696600E+01	3.809200E+01	1.974800E-02	1.105002E+03	2.481688E+04
1.050000E-02	1.050000E-02	-6.307900E+04	-6.731800E+04	3.801300E+01	1.063800E+03	1.037100E+04	1.031600E+05	3.725800E+01	3.837400E+01	2.043800E-02	1.115220E+03	2.585279E+04
1.075000E-02	1.042600E-02	-5.447100E+04	-6.852900E+04	3.341800E+01	9.680300E+02	1.045700E+04	1.078700E+05	3.754700E+01	3.865300E+01	2.139300E-02	1.124567E+03	2.692889E+04
1.100000E-02	1.035100E-02	-4.754700E+04	-6.977400E+04	3.035700E+01	8.896500E+02	1.054200E+04	1.089000E+05	3.783400E+01	3.893000E+01	2.161900E-02	1.133112E+03	2.803321E+04
1.125000E-02	1.027600E-02	-4.243300E+04	-7.108200E+04	2.860700E+01	8.301300E+02	1.062300E+04	1.095300E+05	3.811800E+01	3.920400E+01	2.176500E-02	1.141023E+03	2.914528E+04
1.150000E-02	1.020100E-02	-3.858300E+04	-7.241000E+04	2.768000E+01	7.850100E+02	1.070200E+04	1.105400E+05	3.840100E+01	3.947700E+01	2.198800E-02	1.148453E+03	3.026517E+04
1.175000E-02	1.012600E-02	-3.389700E+04	-7.350800E+04	2.653000E+01	7.344200E+02	1.078700E+04	1.148200E+05	3.868000E+01	3.974600E+01	2.286600E-02	1.155442E+03	3.141135E+04
1.200000E-02	1.005100E-02	-3.035000E+04	-7.462900E+04	2.599200E+01	6.950000E+02	1.086900E+04	1.159700E+05	3.895700E+01	4.001400E+01	2.312100E-02	1.162018E+03	3.258457E+04
1.225000E-02	9.976400E-03	-2.789700E+04	-7.579800E+04	2.595700E+01	6.669300E+02	1.094900E+04	1.165500E+05	3.923200E+01	4.028000E+01	2.326000E-02	1.168282E+03	3.376622E+04
1.250000E-02	9.901300E-03	-2.599300E+04	-7.698800E+04	2.618000E+01	6.454100E+02	1.102800E+04	1.171500E+05	3.950600E+01	4.054400E+01	2.340400E-02	1.174319E+03	3.495361E+04
1.275000E-02	9.826300E-03	-2.465100E+04	-7.819400E+04	2.663200E+01	6.306500E+02	1.110600E+04	1.177900E+05	3.977800E+01	4.080700E+01	2.355400E-02	1.180189E+03	3.614711E+04
1.300000E-02	9.751400E-03	-2.373800E+04	-7.940400E+04	2.724800E+01	6.215300E+02	1.118200E+04	1.184700E+05	4.004800E+01	4.106900E+01	2.371200E-02	1.185949E+03	3.734716E+04
1.325000E-02	9.676500E-03	-2.308400E+04	-8.060000E+04	2.796100E+01	6.165600E+02	1.125800E+04	1.192600E+05	4.031600E+01	4.132800E+01	2.389300E-02	1.191644E+03	3.855458E+04
1.350000E-02	9.601900E-03	-2.252600E+04	-8.176400E+04	2.871400E+01	6.143100E+02	1.133300E+04	1.203800E+05	4.058200E+01	4.158600E+01	2.413900E-02	1.197306E+03	3.977162E+04
1.375000E-02	9.527500E-03	-2.147400E+04	-8.282600E+04	2.931400E+01	6.100800E+02	1.141100E+04	1.228300E+05	4.084700E+01	4.184200E+01	2.465600E-02	1.202938E+03	4.100668E+04
1.400000E-02	9.453200E-03	-1.968200E+04	-8.373400E+04	2.967900E+01	6.008400E+02	1.149300E+04	1.254200E+05	4.111000E+01	4.209700E+01	2.520400E-02	1.208509E+03	4.226715E+04
1.425000E-02	9.379100E-03	-1.833600E+04	-8.462900E+04	3.017300E+01	5.943900E+02	1.157500E+04	1.262300E+05	4.137100E+01	4.235100E+01	2.539300E-02	1.214007E+03	4.354474E+04
1.450000E-02	9.305500E-03	-1.756600E+04	-8.550400E+04	3.080100E+01	5.922500E+02	1.165600E+04	1.269000E+05	4.163000E+01	4.260300E+01	2.555500E-02	1.219465E+03	4.482977E+04
1.475000E-02	9.232200E-03	-1.710900E+04	-8.637700E+04	3.151500E+01	5.933200E+02	1.173600E+04	1.275900E+05	4.188800E+01	4.285300E+01	2.571900E-02	1.224919E+03	4.612167E+04
1.500000E-02	9.159200E-03	-1.685000E+04	-8.723900E+04	3.228200E+01	5.968300E+02	1.181500E+04	1.283000E+05	4.214400E+01	4.310200E+01	2.588700E-02	1.230394E+03	4.742067E+04
1.600000E-02	8.870800E-03	-1.649900E+04	-9.041100E+04	3.547900E+01	6.246000E+02	1.213100E+04	1.312700E+05	4.315500E+01	4.408500E+01	2.658800E-02	1.252868E+03	5.269165E+04
1.700000E-02	8.588000E-03	-1.433700E+04	-9.283000E+04	3.804000E+01	6.469800E+02	1.246500E+04	1.376100E+05	4.415000E+01	4.505400E+01	2.798700E-02	1.276265E+03	5.815180E+04
1.800000E-02	8.312500E-03	-1.096200E+04	-9.421900E+04	3.980700E+01	6.519800E+02	1.282700E+04	1.416800E+05	4.512800E+01	4.600900E+01	2.894800E-02	1.300166E+03	6.382295E+04
1.900000E-02	8.044800E-03	-1.025700E+04	-9.544600E+04	4.201100E+01	6.792400E+02	1.318400E+04	1.450200E+05	4.609400E+01	4.695300E+01	2.976300E-02	1.324660E+03	6.964452E+04
2.000000E-02	7.785800E-03	-9.685700E+03	-9.622600E+04	4.396700E+01	7.102800E+02	1.354600E+04	1.484800E+05	4.704600E+01	4.788500E+01	3.061200E-02	1.350227E+03	7.560465E+04
2.100000E-02	7.534200E-03	-8.902500E+03	-9.672500E+04	4.574200E+01	7.410300E+02	1.391900E+04	1.522000E+05	4.799200E+01	4.881100E+01	3.152500E-02	1.376932E+03	8.171111E+04
2.200000E-02	7.290600E-03	-6.326000E+03	-9.664200E+04	4.685800E+01	7.584300E+02	1.431400E+04	1.590000E+05	4.893200E+01	4.973300E+01	3.310000E-02	1.404522E+03	8.803116E+04
2.300000E-02	7.054900E-03	-3.615600E+03	-9.598800E+04	4.751400E+01	7.652500E+02	1.473700E+04	1.635500E+05	4.986600E+01	5.065000E+01	3.423500E-02	1.432557E+03	9.458116E+04
2.400000E-02	6.827000E-03	-3.374200E+03	-9.552800E+04	4.856900E+01	7.923100E+02	1.515200E+04	1.675300E+05	5.079700E+01	5.156400E+01	3.526200E-02	1.461216E+03	1.013043E+05
2.500000E-02	6.607100E-03	-3.425300E+03	-9.506500E+04	4.966500E+01	8.255000E+02	1.556800E+04	1.716200E+05	5.172200E+01	5.247500E+01	3.632500E-02	1.490984E+03	1.081916E+05
2.600000E-02	6.394700E-03	-3.389100E+03	-9.454400E+04	5.072100E+01	8.599500E+02	1.599100E+04	1.758400E+05	5.264500E+01	5.338300E+01	3.743000E-02	1.521996E+03	1.152483E+05
2.700000E-02	6.189200E-03	-3.234500E+03	-9.396800E+04	5.173300E+01	8.948300E+02	1.642200E+04	1.802200E+05	5.356700E+01	5.429100E+01	3.858600E-02	1.554284E+03	1.224801E+05
2.800000E-02	5.990800E-03	-2.862500E+03	-9.330200E+04	5.265000E+01	9.283600E+02	1.686400E+04	1.849000E+05	5.448700E+01	5.519800E+01	3.982700E-02	1.587831E+03	1.298964E+05
2.900000E-02	5.798800E-03	-2.579600E+02	-9.218300E+04	5.299100E+01	9.445400E+02	1.734100E+04	1.925500E+05	5.540700E+01	5.610500E+01	4.175200E-02	1.622292E+03	1.375629E+05
3.000000E-02	5.613200E-03	-1.805200E+02	-9.133400E+04	5.371600E+01	9.755800E+02	1.781600E+04	1.971000E+05	5.632800E+01	5.701500E+01	4.303100E-02	1.657623E+03	1.454769E+05
3.100000E-02	5.433700E-03	-7.220200E+02	-9.075600E+04	5.477900E+01	1.016700E+03	1.828500E+04	2.017500E+05	5.725100E+01	5.792600E+01	4.434900E-02	1.694281E+03	1.535783E+05
3.200000E-02	5.260400E-03	-1.192800E+03	-9.026700E+04	5.597600E+01	1.060700E+03	1.875600E+04	2.064900E+05	5.817300E+01	5.883800E+01	4.571000E-02	1.732505E+03	1.618712E+05
3.300000E-02	5.093100E-03	-1.511600E+03	-8.981000E+04	5.723300E+01	1.105700E+03	1.923100E+04	2.113200E+05	5.909700E+01	5.975100E+01	4.711400E-02	1.772367E+03	1.703592E+05
3.400000E-02	4.931600E-03	-1.681700E+03	-8.934800E+04	5.850300E+01	1.150900E+03	1.971300E+04	2.162900E+05	6.002200E+01	6.066600E+01	4.857500E-02	1.813888E+03	1.790470E+05
3.500000E-02	4.775700E-03	-9.596500E+02	-8.874800E+04	5.957400E+01	1.190100E+03	2.021100E+04	2.229800E+05	6.094900E+01	6.158300E+01	5.046300E-02	1.856962E+03	1.879721E+05
3.600000E-02	4.625100E-03	2.000300E+01	-8.797100E+04	6.041600E+01	1.223400E+03	2.073300E+04	2.291200E+05	6.187900E+01	6.250400E+01	5.228400E-02	1.901371E+03	1.971579E+05
3.700000E-02	4.479700E-03	-4.620800E+02	-8.750900E+04	6.172200E+01	1.271500E+03	2.124100E+04	2.341200E+05	6.281300E+01	6.342800E+01	5.386600E-02	1.947277E+03	2.065706E+05
3.800000E-02	4.339400E-03	-9.790800E+02	-8.718100E+04	6.325100E+01	1.324600E+03	2.174300E+04	2.391700E+05	6.374900E+01	6.435600E+01	5.549400E-02	1.995045E+03	2.161883E+05
3.900000E-02	4.204400E-03	-1.442400E+03	-8.689400E+04	6.487400E+01	1.380200E+03	2.224400E+04	2.444100E+05	6.468700E+01	6.528500E+01	5.719800E-02	2.044814E+03	2.260160E+05
4.000000E-02	4.074500E-03	-4.195000E+03	-8.760200E+04	6.827400E+01	1.476000E+03	2.269700E+04	2.534900E+05	6.562600E+01	6.621700E+01	5.982100E-02	2.097368E+03	2.361361E+05
4.100000E-02	3.949700E-03	-2.723200E+03	-8.787200E+04	7.073300E+01	1.545000E+03	2.317700E+04	2.610100E+05	6.656600E+01	6.714900E+01	6.216200E-02	2.152954E+03	2.465949E+05
4.200000E-02	3.829500E-03	-1.590400E+03	-8.744900E+04	7.217000E+01	1.592500E+03	2.369000E+04	2.662800E+05	6.751000E+01	6.808500E+01	6.404200E-02	2.210684E+03	2.573144E+05
4.300000E-02	3.713800E-03	-1.349200E+03	-8.694500E+04	7.354500E+01	1.645300E+03	2.419500E+04	2.712900E+05	6.845700E+01	6.902500E+01	6.590600E-02	2.270260E+03	2.682436E+05
4.400000E-02	3.602500E-03	-1.171000E+03	-8.638700E+04	7.483200E+01	1.699000E+03	2.469900E+04	2.764300E+05	6.940600E+01	6.996700E+01	6.784600E-02	2.331795E+03	2.793801E+05
4.500000E-02	3.495500E-03	6.175500E+01	-8.555100E+04	7.559600E+01	1.740300E+03	2.522300E+04	2.838000E+05	7.035900E+01	7.091200E+01	7.041300E-02	2.395078E+03	2.907712E+05
4.600000E-02	3.392500E-03	-4.287800E+01	-8.485500E+04	7.662100E+01	1.792700E+03	2.573600E+04	2.886800E+05	7.131500E+01	7.186200E+01	7.242700E-02	2.460085E+03	3.024118E+05
4.700000E-02	3.293500E-03	-4.375800E+02	-8.433100E+04	7.795400E+01	1.854000E+03	2.623100E+04	2.936800E+05	7.227400E+01	7.281400E+01	7.452000E-02	2.527184E+03	3.142542E+05
4.800000E-02	3.198400E-03	2.952500E+02	-8.366300E+04	7.898900E+01	1.905700E+03	2.673700E+04	3.007600E+05	7.323600E+01	7.376900E+01	7.722900E-02	2.596363E+03	3.263429E+05
4.900000E-02	3.107000E-03	-2.188900E+02	-8.323500E+04	8.048300E+01	1.971500E+03	2.721800E+04	3.053500E+05	7.420100E+01	7.472800E+01	7.936100E-02	2.667703E+03	3.386698E+05
5.000000E-02	3.019400E-03	-8.012000E+02	-8.296200E+04	8.230000E+01	2.044600E+03	2.766600E+04	3.098600E+05	7.516800E+01	7.568900E+01	8.152900E-02	2.741599E+03	3.511833E+05
5.100000E-02	2.935400E-03	-1.226300E+03	-8.269100E+04	8.413200E+01	2.118300E+03	2.809300E+04	3.142800E+05	7.613500E+01	7.665100E+01	8.373700E-02	2.818197E+03	3.638800E+05
5.200000E-02	2.854900E-03	-1.508800E+03	-8.237700E+04	8.587200E+01	2.190900E+03	2.850200E+04	3.185900E+05	7.710300E+01	7.761300E+01	8.598100E-02	2.897486E+03	3.767559E+05
5.300000E-02	2.777800E-03	-1.679900E+03	-8.199800E+04	8.746400E+01	2.261400E+03	2.889400E+04	3.227700E+05	7.807100E+01	7.857500E+01	8.826000E-02	2.979408E+03	3.898061E+05
5.400000E-02	2.704000E-03	-1.768800E+03	-8.154900E+04	8.888300E+01	2.329300E+03	2.926800E+04	3.268000E+05	7.903800E+01	7.953700E+01	9.057400E-02	3.063877E+03	4.030249E+05
5.500000E-02	2.633400E-03	-1.799900E+03	-8.103500E+04	9.012700E+01	2.394400E+03	2.962400E+04	3.306700E+05	8.000500E+01	8.049800E+01	9.291900E-02	3.150793E+03	4.164059E+05
5.600000E-02	2.565700E-03	-1.796000E+03	-8.047900E+04	9.124300E+01	2.458000E+03	2.996500E+04	3.344000E+05	8.097100E+01	8.145900E+01	9.530000E-02	3.240078E+03	4.299429E+05
5.700000E-02	2.501000E-03	-1.766800E+03	-7.988000E+04	9.221800E+01	2.519100E+03	3.028800E+04	3.379700E+05	8.193500E+01	8.241800E+01	9.771300E-02	3.331656E+03	4.436298E+05
5.800000E-02	2.439000E-03	-1.760700E+03	-7.925900E+04	9.309900E+01	2.578400E+03	3.059000E+04	3.414400E+05	8.289900E+01	8.337600E+01	1.001800E-01	3.425450E+03	4.574612E+05
5.900000E-02	2.379600E-03	-2.533100E+03	-7.895900E+04	9.478600E+01	2.657500E+03	3.084500E+04	3.466200E+05	8.386000E+01	8.433200E+01	1.032300E-01	3.521791E+03	4.714701E+05
6.000000E-02	2.323000E-03	-2.614700E+03	-7.882600E+04	9.679800E+01	2.741800E+03	3.105900E+04	3.500600E+05	8.481700E+01	8.528400E+01	1.058700E-01	3.621138E+03	4.856563E+05
6.100000E-02	2.268900E-03	-2.154900E+03	-7.819800E+04	9.747600E+01	2.794800E+03	3.127500E+04	3.526500E+05	8.576800E+01	8.623100E+01	1.083800E-01	3.723011E+03	4.999670E+05
6.200000E-02	2.217100E-03	-1.805800E+03	-7.741700E+04	9.772800E+01	2.838900E+03	3.147700E+04	3.549700E+05	8.671600E+01	8.717500E+01	1.109000E-01	3.826671E+03	5.143788E+05
6.300000E-02	2.167600E-03	-1.558300E+03	-7.658200E+04	9.778700E+01	2.878400E+03	3.166000E+04	3.570200E+05	8.766000E+01	8.811400E+01	1.134400E-01	3.931870E+03	5.288804E+05
6.400000E-02	2.120200E-03	-1.389000E+03	-7.574500E+04	9.777800E+01	2.915600E+03	3.182100E+04	3.588100E+05	8.860000E+01	8.904900E+01	1.159900E-01	4.038479E+03	5.434611E+05
6.500000E-02	2.074900E-03	-1.278300E+03	-7.493000E+04	9.776300E+01	2.951500E+03	3.195700E+04	3.603200E+05	8.953500E+01	8.998000E+01	1.185500E-01	4.146434E+03	5.581098E+05
6.600000E-02	2.031400E-03	-1.200500E+03	-7.413700E+04	9.774400E+01	2.986700E+03	3.207100E+04	3.616100E+05	9.046600E+01	9.090700E+01	1.211300E-01	4.255697E+03	5.728165E+05
6.700000E-02	1.989700E-03	-1.156600E+03	-7.337600E+04	9.774600E+01	3.021200E+03	3.216000E+04	3.626500E+05	9.139200E+01	9.182900E+01	1.237200E-01	4.366242E+03	5.875716E+05
6.800000E-02	1.949800E-03	-1.140400E+03	-7.264800E+04	9.777500E+01	3.054800E+03	3.222100E+04	3.634100E+05	9.231300E+01	9.274500E+01	1.263100E-01	4.478041E+03	6.023643E+05
6.900000E-02	1.911700E-03	-1.144000E+03	-7.195000E+04	9.782000E+01	3.087600E+03	3.225300E+04	3.638900E+05	9.322700E+01	9.365500E+01	1.289000E-01	4.591061E+03	6.171834E+05
7.000000E-02	1.875100E-03	-1.165100E+03	-7.127900E+04	9.787600E+01	3.119400E+03	3.225700E+04	3.641000E+05	9.413500E+01	9.455900E+01	1.315000E-01	4.705270E+03	6.320175E+05
7.100000E-02	1.840100E-03	-1.260400E+03	-7.065800E+04	9.801600E+01	3.152400E+03	3.222900E+04	3.642200E+05	9.503500E+01	9.545500E+01	1.341500E-01	4.820671E+03	6.468596E+05
7.200000E-02	1.806700E-03	-1.734100E+03	-7.030100E+04	9.888400E+01	3.202600E+03	3.214800E+04	3.650700E+05	9.592700E+01	9.634300E+01	1.371700E-01	4.937603E+03	6.617227E+05
7.300000E-02	1.774700E-03	-1.554400E+03	-6.982400E+04	9.929200E+01	3.240300E+03	3.203900E+04	3.645500E+05	9.680900E+01	9.722200E+01	1.397900E-01	5.056152E+03	6.765942E+05
7.400000E-02	1.744100E-03	-1.500900E+03	-6.926500E+04	9.942200E+01	3.272700E+03	3.191600E+04	3.636200E+05	9.768200E+01	9.809100E+01	1.423600E-01	5.175991E+03	6.914377E+05
7.500000E-02	1.714800E-03	-1.367300E+03	-6.853500E+04	9.898600E+01	3.291900E+03	3.177300E+04	3.624100E+05	9.854600E+01	9.895100E+01	1.449200E-01	5.296780E+03	7.062388E+05
7.600000E-02	1.686700E-03	-1.324400E+03	-6.777700E+04	9.841000E+01	3.307400E+03	3.160700E+04	3.609900E+05	9.940000E+01	9.980100E+01	1.475000E-01	5.418207E+03	7.209873E+05
7.700000E-02	1.659900E-03	-1.592900E+03	-6.721100E+04	9.836700E+01	3.333800E+03	3.140100E+04	3.601200E+05	1.002400E+02	1.006400E+02	1.503800E-01	5.540405E+03	7.356904E+05
7.800000E-02	1.634200E-03	-1.679700E+03	-6.674000E+04	9.853400E+01	3.362400E+03	3.116100E+04	3.586700E+05	1.010700E+02	1.014700E+02	1.531300E-01	5.663615E+03	7.503475E+05
7.900000E-02	1.609800E-03	-1.502400E+03	-6.606100E+04	9.798200E+01	3.372400E+03	3.090700E+04	3.563000E+05	1.018900E+02	1.022800E+02	1.556000E-01	5.787535E+03	7.649281E+05
8.000000E-02	1.586500E-03	-1.351300E+03	-6.529900E+04	9.712600E+01	3.374100E+03	3.064000E+04	3.536700E+05	1.026900E+02	1.030800E+02	1.580500E-01	5.911671E+03	7.794079E+05
8.100000E-02	1.564100E-03	-1.249700E+03	-6.451500E+04	9.615200E+01	3.371200E+03	3.035600E+04	3.508000E+05	1.034800E+02	1.038700E+02	1.604700E-01	6.035785E+03	7.937764E+05
8.200000E-02	1.542700E-03	-1.182700E+03	-6.373700E+04	9.514000E+01	3.365200E+03	3.005400E+04	3.477000E+05	1.042600E+02	1.046400E+02	1.628700E-01	6.159734E+03	8.080240E+05
8.300000E-02	1.522200E-03	-1.139400E+03	-6.297300E+04	9.411900E+01	3.356800E+03	2.973500E+04	3.443900E+05	1.050300E+02	1.054100E+02	1.652400E-01	6.283419E+03	8.221417E+05
8.400000E-02	1.502400E-03	-1.111700E+03	-6.222100E+04	9.309000E+01	3.346700E+03	2.940000E+04	3.409100E+05	1.057900E+02	1.061600E+02	1.675900E-01	6.406764E+03	8.361218E+05
8.500000E-02	1.483500E-03	-1.123600E+03	-6.150300E+04	9.212100E+01	3.336300E+03	2.904800E+04	3.373400E+05	1.065400E+02	1.069100E+02	1.699600E-01	6.529731E+03	8.499590E+05
8.600000E-02	1.465300E-03	-1.325800E+03	-6.095000E+04	9.161700E+01	3.335800E+03	2.866400E+04	3.341500E+05	1.072700E+02	1.076400E+02	1.725800E-01	6.652497E+03	8.636593E+05
8.700000E-02	1.447800E-03	-1.302600E+03	-6.034100E+04	9.088000E+01	3.328200E+03	2.826800E+04	3.302800E+05	1.079900E+02	1.083600E+02	1.749200E-01	6.775115E+03	8.772167E+05
8.800000E-02	1.431300E-03	-1.201700E+03	-5.961800E+04	8.973100E+01	3.310000E+03	2.786200E+04	3.260500E+05	1.087000E+02	1.090600E+02	1.771300E-01	6.897258E+03	8.906098E+05
8.900000E-02	1.415500E-03	-1.134400E+03	-5.887000E+04	8.846300E+01	3.287300E+03	2.744800E+04	3.216700E+05	1.093800E+02	1.097400E+02	1.793100E-01	7.018648E+03	9.038281E+05
9.000000E-02	1.400300E-03	-1.088200E+03	-5.811900E+04	8.715100E+01	3.261600E+03	2.702500E+04	3.171600E+05	1.100600E+02	1.104200E+02	1.814500E-01	7.139148E+03	9.168658E+05
9.100000E-02	1.385700E-03	-1.055300E+03	-5.737400E+04	8.582200E+01	3.233500E+03	2.659300E+04	3.125300E+05	1.107200E+02	1.110700E+02	1.835500E-01	7.258658E+03	9.297176E+05
9.200000E-02	1.371700E-03	-1.030600E+03	-5.663700E+04	8.448200E+01	3.203400E+03	2.615300E+04	3.077900E+05	1.113700E+02	1.117200E+02	1.856200E-01	7.377097E+03	9.423789E+05
9.300000E-02	1.358300E-03	-1.011000E+03	-5.590900E+04	8.313300E+01	3.171300E+03	2.570600E+04	3.029500E+05	1.120100E+02	1.123500E+02	1.876500E-01	7.494391E+03	9.548454E+05
9.400000E-02	1.345400E-03	-9.986100E+02	-5.518700E+04	8.177800E+01	3.137200E+03	2.525200E+04	2.980500E+05	1.126300E+02	1.129800E+02	1.896600E-01	7.610468E+03	9.671137E+05
9.500000E-02	1.332900E-03	-9.867200E+02	-5.447000E+04	8.041200E+01	3.101500E+03	2.479300E+04	2.930800E+05	1.132500E+02	1.135900E+02	1.916300E-01	7.725260E+03	9.791811E+05
9.600000E-02	1.320900E-03	-9.730300E+02	-5.375700E+04	7.903000E+01	3.064200E+03	2.433000E+04	2.880400E+05	1.138500E+02	1.141900E+02	1.935700E-01	7.838709E+03	9.910448E+05
9.700000E-02	1.309500E-03	-9.580000E+02	-5.304800E+04	7.763100E+01	3.025300E+03	2.386200E+04	2.829500E+05	1.144300E+02	1.147700E+02	1.954700E-01	7.950755E+03	1.002702E+06
9.800000E-02	1.298400E-03	-9.418200E+02	-5.234100E+04	7.621600E+01	2.984600E+03	2.339100E+04	2.778200E+05	1.150100E+02	1.153400E+02	1.973300E-01	8.061338E+03	1.014152E+06
9.900000E-02	1.287900E-03	-9.235600E+02	-5.163600E+04	7.478400E+01	2.942400E+03	2.291900E+04	2.726600E+05	1.155700E+02	1.159000E+02	1.991500E-01	8.170394E+03	1.025391E+06
1.000000E-01	1.277700E-03	-9.026200E+02	-5.093200E+04	7.333700E+01	2.898900E+03	2.244600E+04	2.674600E+05	1.161200E+02	1.164500E+02	2.009400E-01	8.277874E+03	1.036420E+06
1.050000E-01	1.232700E-03	-9.501900E+02	-4.768300E+04	6.663400E+01	2.681700E+03	2.006900E+04	2.420000E+05	1.186700E+02	1.189800E+02	2.097900E-01	8.791289E+03	1.088440E+06
1.100000E-01	1.196000E-03	-6.864300E+02	-4.427400E+04	5.918900E+01	2.437800E+03	1.778400E+04	2.165000E+05	1.209000E+02	1.212000E+02	2.175200E-01	9.262283E+03	1.135265E+06
1.150000E-01	1.166500E-03	-4.682600E+02	-4.102400E+04	5.208500E+01	2.193300E+03	1.567700E+04	1.918300E+05	1.228100E+02	1.231000E+02	2.239100E-01	9.688345E+03	1.176973E+06
1.200000E-01	1.143200E-03	-4.033600E+02	-3.807200E+04	4.577100E+01	1.960600E+03	1.376300E+04	1.690600E+05	1.244000E+02	1.246800E+02	2.292100E-01	1.007050E+04	1.213842E+06
1.250000E-01	1.123800E-03	-3.675800E+02	-3.531200E+04	4.005200E+01	1.739500E+03	1.202800E+04	1.483700E+05	1.257800E+02	1.260500E+02	2.338100E-01	1.041091E+04	1.246274E+06
1.300000E-01	1.107600E-03	-3.328200E+02	-3.271400E+04	3.487500E+01	1.535100E+03	1.049600E+04	1.299700E+05	1.269700E+02	1.272300E+02	2.378100E-01	1.071218E+04	1.274716E+06
1.350000E-01	1.093200E-03	-3.191200E+02	-3.020000E+04	3.010300E+01	1.353500E+03	9.168100E+03	1.138000E+05	1.280600E+02	1.283200E+02	2.414700E-01	1.097793E+04	1.299627E+06
1.400000E-01	1.080900E-03	-3.302400E+02	-2.792800E+04	2.603600E+01	1.200800E+03	8.035500E+03	9.983100E+04	1.290300E+02	1.292800E+02	2.447000E-01	1.121292E+04	1.321460E+06
1.450000E-01	1.070300E-03	-3.637600E+02	-2.595500E+04	2.271100E+01	1.069800E+03	7.041200E+03	8.760200E+04	1.298900E+02	1.301200E+02	2.475300E-01	1.142182E+04	1.340618E+06
1.500000E-01	1.061300E-03	-3.719100E+02	-2.416500E+04	1.985500E+01	9.563700E+02	6.164200E+03	7.685700E+04	1.306300E+02	1.308600E+02	2.499900E-01	1.160823E+04	1.357431E+06
1.550000E-01	1.053500E-03	-3.559100E+02	-2.250100E+04	1.734100E+01	8.561800E+02	5.390500E+03	6.738400E+04	1.312800E+02	1.315000E+02	2.521400E-01	1.177498E+04	1.372181E+06
1.600000E-01	1.046900E-03	-3.232500E+02	-2.094000E+04	1.511300E+01	7.675700E+02	4.712000E+03	5.904300E+04	1.318500E+02	1.320600E+02	2.540000E-01	1.192437E+04	1.385112E+06
1.650000E-01	1.041200E-03	-2.878800E+02	-1.948500E+04	1.315600E+01	6.895700E+02	4.119600E+03	5.171000E+04	1.323400E+02	1.325500E+02	2.556200E-01	1.205842E+04	1.396443E+06
1.700000E-01	1.036400E-03	-2.700600E+02	-1.816500E+04	1.148700E+01	6.194100E+02	3.599100E+03	4.526900E+04	1.327700E+02	1.329700E+02	2.571300E-01	1.217885E+04	1.406368E+06
1.750000E-01	1.032200E-03	-2.415100E+02	-1.694800E+04	1.003900E+01	5.563300E+02	3.139100E+03	3.960100E+04	1.331500E+02	1.333400E+02	2.586000E-01	1.228702E+04	1.415057E+06
1.800000E-01	1.028700E-03	-1.997500E+02	-1.577100E+04	8.722300E+00	4.976600E+02	2.737300E+03	3.455900E+04	1.334700E+02	1.336600E+02	2.596500E-01	1.238398E+04	1.422651E+06
1.850000E-01	1.025600E-03	-1.788200E+02	-1.467700E+04	7.576800E+00	4.446900E+02	2.385300E+03	3.012500E+04	1.337600E+02	1.339400E+02	2.605500E-01	1.247068E+04	1.429277E+06
1.900000E-01	1.022900E-03	-1.650400E+02	-1.366900E+04	6.589100E+00	3.969000E+02	2.076700E+03	2.623700E+04	1.340100E+02	1.341800E+02	2.613300E-01	1.254811E+04	1.435053E+06
1.950000E-01	1.020700E-03	-1.530900E+02	-1.273100E+04	5.728600E+00	3.538100E+02	1.806400E+03	2.283400E+04	1.342200E+02	1.343900E+02	2.620000E-01	1.261717E+04	1.440083E+06
2.000000E-01	1.018700E-03	-1.408600E+02	-1.185500E+04	4.976900E+00	3.149500E+02	1.570200E+03	1.986000E+04	1.344100E+02	1.345700E+02	2.625700E-01	1.267870E+04	1.444461E+06
2.050000E-01	1.017000E-03	-1.280700E+02	-1.103700E+04	4.320800E+00	2.799300E+02	1.364200E+03	1.726600E+04	1.345700E+02	1.347300E+02	2.630600E-01	1.273343E+04	1.448269E+06
2.100000E-01	1.015600E-03	-1.155100E+02	-1.027400E+04	3.749000E+00	2.484600E+02	1.184900E+03	1.500400E+04	1.347100E+02	1.348600E+02	2.634800E-01	1.278204E+04	1.451580E+06
2.150000E-01	1.014400E-03	-1.041500E+02	-9.562600E+03	3.251600E+00	2.202600E+02	1.028900E+03	1.303400E+04	1.348300E+02	1.349800E+02	2.638400E-01	1.282516E+04	1.454458E+06
2.200000E-01	1.013300E-03	-9.445000E+01	-8.900500E+03	2.819800E+00	1.950800E+02	8.932200E+02	1.131800E+04	1.349400E+02	1.350800E+02	2.641400E-01	1.286337E+04	1.456958E+06
2.250000E-01	1.012400E-03	-8.623100E+01	-8.284500E+03	2.445100E+00	1.726300E+02	7.752500E+02	9.824800E+03	1.350300E+02	1.351700E+02	2.644000E-01	1.289720E+04	1.459130E+06
2.300000E-01	1.011700E-03	-7.900900E+01	-7.711100E+03	2.120000E+00	1.526400E+02	6.727000E+02	8.526600E+03	1.351100E+02	1.352400E+02	2.646200E-01	1.292713E+04	1.461015E+06
2.350000E-01	1.011000E-03	-7.237800E+01	-7.177100E+03	1.837700E+00	1.348600E+02	5.835900E+02	7.398500E+03	1.351800E+02	1.353100E+02	2.648100E-01	1.295358E+04	1.462651E+06
2.400000E-01	1.010500E-03	-6.618800E+01	-6.679900E+03	1.592700E+00	1.190600E+02	5.062100E+02	6.418500E+03	1.352400E+02	1.353600E+02	2.649700E-01	1.297694E+04	1.464072E+06
2.450000E-01	1.010000E-03	-6.047100E+01	-6.216800E+03	1.380200E+00	1.050400E+02	4.390400E+02	5.567500E+03	1.352900E+02	1.354100E+02	2.651100E-01	1.299755E+04	1.465304E+06
2.500000E-01	1.009600E-03	-5.529300E+01	-5.785800E+03	1.196000E+00	9.260200E+01	3.807400E+02	4.828700E+03	1.353400E+02	1.354500E+02	2.652200E-01	1.301574E+04	1.466373E+06
2.550000E-01	1.009200E-03	-5.065600E+01	-5.384800E+03	1.036300E+00	8.159200E+01	3.301700E+02	4.187500E+03	1.353800E+02	1.354900E+02	2.653200E-01	1.303176E+04	1.467301E+06
2.600000E-01	1.008900E-03	-4.649300E+01	-5.011600E+03	8.978600E-01	7.185000E+01	2.862900E+02	3.631200E+03	1.354100E+02	1.355200E+02	2.654000E-01	1.304588E+04	1.468105E+06
2.650000E-01	1.008600E-03	-4.271400E+01	-4.664300E+03	7.779300E-01	6.323900E+01	2.482200E+02	3.148500E+03	1.354400E+02	1.355400E+02	2.654700E-01	1.305831E+04	1.468803E+06
2.700000E-01	1.008400E-03	-3.924900E+01	-4.341100E+03	6.740000E-01	5.563100E+01	2.152100E+02	2.729900E+03	1.354600E+02	1.355600E+02	2.655300E-01	1.306924E+04	1.469409E+06
2.750000E-01	1.008200E-03	-3.606100E+01	-4.040300E+03	5.839300E-01	4.891500E+01	1.865800E+02	2.366800E+03	1.354900E+02	1.355800E+02	2.655800E-01	1.307886E+04	1.469933E+06
2.800000E-01	1.008100E-03	-3.313800E+01	-3.760300E+03	5.058900E-01	4.299100E+01	1.617600E+02	2.051900E+03	1.355100E+02	1.356000E+02	2.656200E-01	1.308732E+04	1.470389E+06
2.850000E-01	1.007900E-03	-3.047300E+01	-3.499800E+03	4.382800E-01	3.776700E+01	1.402300E+02	1.778900E+03	1.355200E+02	1.356100E+02	2.656500E-01	1.309475E+04	1.470783E+06
2.900000E-01	1.007800E-03	-2.804500E+01	-3.257400E+03	3.797100E-01	3.316500E+01	1.215700E+02	1.542100E+03	1.355400E+02	1.356200E+02	2.656800E-01	1.310127E+04	1.471126E+06
2.950000E-01	1.007700E-03	-2.582500E+01	-3.031800E+03	3.289700E-01	2.911100E+01	1.053900E+02	1.336900E+03	1.355500E+02	1.356300E+02	2.657000E-01	1.310700E+04	1.471422E+06
3.000000E-01	1.007600E-03	-2.378700E+01	-2.821800E+03	2.850200E-01	2.554400E+01	9.136000E+01	1.158900E+03	1.355600E+02	1.356400E+02	2.657200E-01	1.311203E+04	1.471680E+06
3.050000E-01	1.007500E-03	-2.191200E+01	-2.626500E+03	2.469400E-01	2.240500E+01	7.920000E+01	1.004700E+03	1.355700E+02	1.356500E+02	2.657400E-01	1.311644E+04	1.471903E+06
3.100000E-01	1.007400E-03	-2.019100E+01	-2.444700E+03	2.139500E-01	1.964600E+01	6.865900E+01	8.709300E+02	1.355800E+02	1.356500E+02	2.657600E-01	1.312031E+04	1.472096E+06
3.150000E-01	1.007400E-03	-1.861400E+01	-2.275500E+03	1.853800E-01	1.722000E+01	5.952000E+01	7.550100E+02	1.355800E+02	1.356600E+02	2.657700E-01	1.312370E+04	1.472264E+06
3.200000E-01	1.007300E-03	-1.716900E+01	-2.118000E+03	1.606200E-01	1.508900E+01	5.159900E+01	6.545100E+02	1.355900E+02	1.356600E+02	2.657800E-01	1.312667E+04	1.472410E+06
3.250000E-01	1.007200E-03	-1.584000E+01	-1.971500E+03	1.391700E-01	1.321700E+01	4.473200E+01	5.673900E+02	1.356000E+02	1.356600E+02	2.657900E-01	1.312928E+04	1.472536E+06
3.300000E-01	1.007200E-03	-1.461600E+01	-1.835100E+03	1.205900E-01	1.157400E+01	3.877900E+01	4.918800E+02	1.356000E+02	1.356700E+02	2.658000E-01	1.313156E+04	1.472645E+06
3.350000E-01	1.007100E-03	-1.349000E+01	-1.708200E+03	1.044900E-01	1.013300E+01	3.361800E+01	4.264100E+02	1.356000E+02	1.356700E+02	2.658100E-01	1.313356E+04	1.472740E+06
3.400000E-01	1.007000E-03	-1.245300E+01	-1.590100E+03	9.054700E-02	8.867900E+00	2.914500E+01	3.696600E+02	1.356100E+02	1.356700E+02	2.658300E-01	1.313530E+04	1.472822E+06
3.450000E-01	1.007000E-03	-1.150100E+01	-1.480100E+03	7.846400E-02	7.758900E+00	2.526700E+01	3.204700E+02	1.356100E+02	1.356700E+02	2.658400E-01	1.313683E+04	1.472894E+06
3.500000E-01	1.006900E-03	-1.062400E+01	-1.377800E+03	6.799500E-02	6.786700E+00	2.190500E+01	2.778200E+02	1.356100E+02	1.356700E+02	2.658500E-01	1.313817E+04	1.472955E+06
3.550000E-01	1.006800E-03	-9.816300E+00	-1.282600E+03	5.892400E-02	5.934900E+00	1.899100E+01	2.408600E+02	1.356200E+02	1.356700E+02	2.658600E-01	1.313934E+04	1.473009E+06
3.600000E-01	1.006700E-03	-9.071300E+00	-1.193900E+03	5.106400E-02	5.188600E+00	1.646500E+01	2.088100E+02	1.356200E+02	1.356700E+02	2.658800E-01	1.314037E+04	1.473055E+06
3.650000E-01	1.006700E-03	-8.384200E+00	-1.111400E+03	4.425300E-02	4.535000E+00	1.427400E+01	1.810300E+02	1.356200E+02	1.356700E+02	2.658900E-01	1.314126E+04	1.473096E+06
3.700000E-01	1.006600E-03	-7.751400E+00	-1.034600E+03	3.835200E-02	3.962900E+00	1.237600E+01	1.569500E+02	1.356200E+02	1.356700E+02	2.659100E-01	1.314204E+04	1.473131E+06
3.750000E-01	1.006400E-03	-7.168200E+00	-9.631000E+02	3.323800E-02	3.462100E+00	1.073000E+01	1.360700E+02	1.356200E+02	1.356700E+02	2.659300E-01	1.314273E+04	1.473161E+06
3.800000E-01	1.006300E-03	-6.629900E+00	-8.965500E+02	2.880600E-02	3.023900E+00	9.302900E+00	1.179700E+02	1.356200E+02	1.356700E+02	2.659500E-01	1.314332E+04	1.473187E+06
3.850000E-01	1.006200E-03	-6.133000E+00	-8.345900E+02	2.496600E-02	2.640600E+00	8.065800E+00	1.022800E+02	1.356200E+02	1.356700E+02	2.659800E-01	1.314384E+04	1.473210E+06
3.900000E-01	1.006000E-03	-5.674500E+00	-7.769200E+02	2.163800E-02	2.305400E+00	6.993300E+00	8.867200E+01	1.356200E+02	1.356700E+02	2.660100E-01	1.314430E+04	1.473230E+06
3.950000E-01	1.005800E-03	-5.251300E+00	-7.232300E+02	1.875400E-02	2.012400E+00	6.063400E+00	7.687800E+01	1.356300E+02	1.356700E+02	2.660400E-01	1.314470E+04	1.473247E+06
4.000000E-01	1.005600E-03	-4.860800E+00	-6.732400E+02	1.625500E-02	1.756200E+00	5.257300E+00	6.665300E+01	1.356300E+02	1.356700E+02	2.660800E-01	1.314504E+04	1.473262E+06
4.050000E-01	1.005400E-03	-4.499800E+00	-6.267100E+02	1.408800E-02	1.532400E+00	4.558400E+00	5.778900E+01	1.356300E+02	1.356700E+02	2.661200E-01	1.314534E+04	1.473275E+06
4.100000E-01	1.005100E-03	-4.166100E+00	-5.833800E+02	1.221100E-02	1.336800E+00	3.952500E+00	5.010400E+01	1.356300E+02	1.356700E+02	2.661700E-01	1.314561E+04	1.473286E+06
4.150000E-01	1.004800E-03	-3.857800E+00	-5.430400E+02	1.058400E-02	1.166000E+00	3.427200E+00	4.344100E+01	1.356300E+02	1.356600E+02	2.662300E-01	1.314584E+04	1.473296E+06
4.200000E-01	1.004500E-03	-3.573400E+00	-5.054800E+02	9.173400E-03	1.016900E+00	2.971700E+00	3.766400E+01	1.356300E+02	1.356600E+02	2.663000E-01	1.314604E+04	1.473304E+06
4.250000E-01	1.004100E-03	-3.310600E+00	-4.705000E+02	7.951000E-03	8.866500E-01	2.576900E+00	3.265600E+01	1.356300E+02	1.356600E+02	2.663700E-01	1.314621E+04	1.473311E+06
4.300000E-01	1.003600E-03	-3.067300E+00	-4.379300E+02	6.891500E-03	7.729900E-01	2.234500E+00	2.831400E+01	1.356300E+02	1.356600E+02	2.664600E-01	1.314637E+04	1.473318E+06
4.350000E-01	1.003100E-03	-2.841000E+00	-4.076000E+02	5.973100E-03	6.738000E-01	1.937700E+00	2.454900E+01	1.356300E+02	1.356600E+02	2.665600E-01	1.314650E+04	1.473323E+06
4.400000E-01	1.002400E-03	-2.633000E+00	-3.793400E+02	5.177100E-03	5.872600E-01	1.680400E+00	2.128600E+01	1.356300E+02	1.356600E+02	2.666800E-01	1.314662E+04	1.473328E+06
4.450000E-01	1.001700E-03	-2.441100E+00	-3.530300E+02	4.487100E-03	5.117700E-01	1.457300E+00	1.845600E+01	1.356300E+02	1.356600E+02	2.668200E-01	1.314672E+04	1.473332E+06
4.500000E-01	1.000800E-03	-2.263000E+00	-3.285200E+02	3.889000E-03	4.459300E-01	1.263900E+00	1.600300E+01	1.356300E+02	1.356600E+02	2.669800E-01	1.314681E+04	1.473336E+06
4.550000E-01	9.997800E-04	-2.097800E+00	-3.056800E+02	3.370600E-03	3.885200E-01	1.096200E+00	1.387600E+01	1.356300E+02	1.356600E+02	2.671700E-01	1.314688E+04	1.473339E+06
4.600000E-01	9.985600E-04	-1.946100E+00	-2.844000E+02	2.921200E-03	3.384700E-01	9.509000E-01	1.203200E+01	1.356300E+02	1.356600E+02	2.673900E-01	1.314695E+04	1.473341E+06
4.650000E-01	9.971000E-04	-1.805100E+00	-2.645700E+02	2.531600E-03	2.948500E-01	8.249100E-01	1.043300E+01	1.356300E+02	1.356600E+02	2.676600E-01	1.314701E+04	1.473344E+06
4.700000E-01	9.953500E-04	-1.675000E+00	-2.460700E+02	2.193900E-03	2.568400E-01	7.157100E-01	9.047000E+00	1.356300E+02	1.356500E+02	2.679800E-01	1.314706E+04	1.473346E+06
4.750000E-01	9.932500E-04	-1.554600E+00	-2.288300E+02	1.901200E-03	2.237100E-01	6.210600E-01	7.845600E+00	1.356300E+02	1.356500E+02	2.683600E-01	1.314710E+04	1.473347E+06
4.800000E-01	9.907100E-04	-1.445100E+00	-2.127400E+02	1.647400E-03	1.948600E-01	5.390500E-01	6.804200E+00	1.356300E+02	1.356500E+02	2.688200E-01	1.314714E+04	1.473349E+06
4.850000E-01	9.876300E-04	-1.342400E+00	-1.977100E+02	1.427400E-03	1.697300E-01	4.679900E-01	5.901500E+00	1.356300E+02	1.356500E+02	2.693700E-01	1.314717E+04	1.473350E+06
4.900000E-01	9.838500E-04	-1.250700E+00	-1.836700E+02	1.236600E-03	1.478500E-01	4.064400E-01	5.119000E+00	1.356300E+02	1.356500E+02	2.700400E-01	1.314720E+04	1.473351E+06
4.950000E-01	9.792200E-04	-1.168400E+00	-1.705400E+02	1.071100E-03	1.288100E-01	3.531400E-01	4.440800E+00	1.356300E+02	1.356500E+02	2.708400E-01	1.314723E+04	1.473352E+06
5.000000E-01	9.734900E-04	-1.093500E+00	-1.582400E+02	9.275700E-04	1.122300E-01	3.070100E-01	3.852900E+00	1.356300E+02	1.356500E+02	2.718100E-01	1.314725E+04	1.473353E+06
