0.000000E+00	1.380000E+04	2.495800E+01	1.808500E-03	1.354300E-02	-1.688000E+01	1.384600E+01	1.408000E-06	4.827700E-04	0.000000E+00	0.000000E+00	4.500000E+00	4.500000E+00	0.000000E+00	0.000000E+00	0.000000E+00	0.000000E+00
1.000000E-03	1.376100E+04	2.491300E+01	1.810300E-03	1.354400E-02	4.809500E+03	1.596300E+04	8.477700E-01	1.820800E+01	0.000000E+00	0.000000E+00	4.508400E+00	4.525800E+00	0.000000E+00	5.697077E+03	3.350361E-01	3.350361E-01
2.000000E-03	1.372400E+04	2.486800E+01	1.812000E-03	1.354800E-02	6.952400E+03	2.992400E+04	2.776400E+00	5.934500E+01	0.000000E+00	0.000000E+00	4.540400E+00	4.613900E+00	0.000000E+00	1.136278E+04	1.762011E+00	1.762011E+00
3.000000E-03	1.368900E+04	2.482300E+01	1.813400E-03	1.355500E-02	7.700400E+03	4.279500E+04	5.403300E+00	1.120200E+02	0.000000E+00	0.000000E+00	4.619200E+00	4.797200E+00	0.000000E+00	1.699883E+04	4.915127E+00	4.915127E+00
4.000000E-03	1.365500E+04	2.477900E+01	1.814600E-03	1.356300E-02	7.798200E+03	5.382400E+04	8.291800E+00	1.658400E+02	0.000000E+00	0.000000E+00	4.733800E+00	5.029500E+00	0.000000E+00	2.260655E+04	1.002775E+01	1.002775E+01
5.000000E-03	1.362200E+04	2.473400E+01	1.815800E-03	1.357200E-02	7.659300E+03	6.367700E+04	1.138000E+01	2.196700E+02	0.000000E+00	0.000000E+00	4.880500E+00	5.292700E+00	0.000000E+00	2.818681E+04	1.712114E+01	1.712114E+01
6.000000E-03	1.358900E+04	2.469000E+01	1.816900E-03	1.358300E-02	7.416100E+03	7.279800E+04	1.467500E+01	2.743200E+02	0.000000E+00	0.000000E+00	5.046200E+00	5.569300E+00	0.000000E+00	3.374011E+04	2.621055E+01	2.621055E+01
7.000000E-03	1.355700E+04	2.464600E+01	1.817900E-03	1.359400E-02	7.084200E+03	8.101100E+04	1.799200E+01	3.263700E+02	0.000000E+00	0.000000E+00	5.233300E+00	5.858700E+00	0.000000E+00	3.926691E+04	3.726325E+01	3.726325E+01
8.000000E-03	1.352600E+04	2.460100E+01	1.818900E-03	1.360700E-02	6.703400E+03	8.832300E+04	2.122400E+01	3.743400E+02	0.000000E+00	0.000000E+00	5.438200E+00	6.151400E+00	0.000000E+00	4.476808E+04	5.015631E+01	5.015631E+01
9.000000E-03	1.349500E+04	2.455700E+01	1.819800E-03	1.362000E-02	6.303400E+03	9.478300E+04	2.429500E+01	4.175200E+02	0.000000E+00	2.417400E+02	5.657000E+00	6.688300E+00	5.368100E-05	5.024410E+04	6.472654E+01	6.961452E+01
1.000000E-02	1.346300E+04	2.451100E+01	1.820700E-03	1.363500E-02	6.175100E+03	1.011900E+05	2.757800E+01	4.646600E+02	0.000000E+00	8.201500E+03	5.885100E+00	1.616300E+01	1.830000E-03	5.569461E+04	8.095865E+01	2.565689E+02
1.200000E-02	1.339900E+04	2.441800E+01	1.822400E-03	1.366700E-02	5.663900E+03	1.121700E+05	3.364500E+01	5.488400E+02	0.000000E+00	9.668700E+03	6.356300E+00	2.385700E+01	2.177900E-03	6.651818E+04	1.182554E+02	1.016537E+03
1.400000E-02	1.333200E+04	2.432100E+01	1.824200E-03	1.370200E-02	5.420900E+03	1.224700E+05	3.989700E+01	6.378600E+02	0.000000E+00	1.632600E+04	6.832100E+00	2.825300E+01	3.714300E-03	7.723644E+04	1.619260E+02	2.111433E+03
1.600000E-02	1.326300E+04	2.421800E+01	1.826000E-03	1.367900E-02	5.367600E+03	1.322900E+05	4.655700E+01	7.326700E+02	7.577100E+03	3.151300E+04	1.438200E+01	3.154200E+01	7.244600E-03	8.784592E+04	2.123615E+02	4.096478E+03
1.800000E-02	1.319000E+04	2.411000E+01	1.827900E-03	1.329700E-02	5.107600E+03	1.416300E+05	5.480900E+01	8.378500E+02	7.707900E+03	3.896200E+04	2.287900E+01	3.424300E+01	9.056800E-03	9.834242E+04	2.701566E+02	7.004282E+03
2.000000E-02	1.311500E+04	2.399800E+01	1.829800E-03	1.283400E-02	4.528700E+03	1.488900E+05	6.266400E+01	9.339600E+02	7.895300E+03	4.003100E+04	2.720300E+01	3.658500E+01	9.411800E-03	1.087218E+05	3.353593E+02	1.026396E+04
2.200000E-02	1.303900E+04	2.388200E+01	1.831600E-03	1.232400E-02	4.093500E+03	1.545900E+05	7.027500E+01	1.026800E+03	8.126000E+03	5.403300E+04	3.047700E+01	3.873300E+01	1.285200E-02	1.189824E+05	4.075152E+02	1.414007E+04
2.400000E-02	1.295900E+04	2.376100E+01	1.833600E-03	1.180900E-02	3.665900E+03	1.596200E+05	7.812600E+01	1.131600E+03	8.375200E+03	5.560600E+04	3.312600E+01	4.072500E+01	1.339100E-02	1.291209E+05	4.869443E+02	1.865330E+04
2.600000E-02	1.287900E+04	2.363800E+01	1.835400E-03	1.129300E-02	3.012900E+03	1.620300E+05	8.411500E+01	1.211200E+03	8.649300E+03	5.748500E+04	3.540700E+01	4.260500E+01	1.401600E-02	1.391350E+05	5.731594E+02	2.331291E+04
2.800000E-02	1.279600E+04	2.351100E+01	1.837300E-03	1.076800E-02	2.624600E+03	1.635200E+05	8.979800E+01	1.294300E+03	8.954700E+03	6.500800E+04	3.748400E+01	4.441600E+01	1.605500E-02	1.490232E+05	6.653618E+02	2.835873E+04
3.000000E-02	1.271200E+04	2.338000E+01	1.839200E-03	1.024200E-02	2.336100E+03	1.639600E+05	9.488500E+01	1.377100E+03	9.289700E+03	7.292700E+04	3.940600E+01	4.617000E+01	1.825100E-02	1.587832E+05	7.636693E+02	3.403513E+04
3.200000E-02	1.262600E+04	2.324600E+01	1.841200E-03	9.723300E-03	1.964100E+03	1.630600E+05	9.881500E+01	1.452000E+03	9.652100E+03	7.556900E+04	4.120800E+01	4.787900E+01	1.917100E-02	1.684135E+05	8.677802E+02	4.014442E+04
3.400000E-02	1.253600E+04	2.310700E+01	1.843200E-03	9.216400E-03	1.781300E+03	1.615500E+05	1.023100E+02	1.532500E+03	1.003900E+04	8.314000E+04	4.292900E+01	4.955400E+01	2.139300E-02	1.779105E+05	9.776098E+02	4.667244E+04
3.600000E-02	1.244600E+04	2.296600E+01	1.845200E-03	8.729300E-03	1.529400E+03	1.586000E+05	1.040900E+02	1.596200E+03	1.044700E+04	8.643000E+04	4.458300E+01	5.120100E+01	2.256300E-02	1.872722E+05	1.092746E+03	5.364499E+04
3.800000E-02	1.235300E+04	2.281900E+01	1.847300E-03	8.264200E-03	1.483100E+03	1.555600E+05	1.057500E+02	1.670000E+03	1.086900E+04	9.378900E+04	4.619100E+01	5.282900E+01	2.485500E-02	1.964971E+05	1.212942E+03	6.105324E+04
4.000000E-02	1.225600E+04	2.266800E+01	1.849500E-03	7.824500E-03	1.485200E+03	1.524100E+05	1.072100E+02	1.750800E+03	1.130100E+04	1.020400E+05	4.776100E+01	5.444200E+01	2.747000E-02	2.055813E+05	1.338828E+03	6.909845E+04
4.200000E-02	1.215600E+04	2.251100E+01	1.851800E-03	7.411300E-03	1.475800E+03	1.492300E+05	1.085100E+02	1.838100E+03	1.173600E+04	1.090200E+05	4.929800E+01	5.604200E+01	2.983500E-02	2.145207E+05	1.470899E+03	7.776579E+04
4.400000E-02	1.205500E+04	2.235100E+01	1.854100E-03	7.023800E-03	1.380800E+03	1.451100E+05	1.082600E+02	1.905700E+03	1.217800E+04	1.127500E+05	5.080700E+01	5.763200E+01	3.137600E-02	2.233134E+05	1.608671E+03	8.687194E+04
4.600000E-02	1.195000E+04	2.218600E+01	1.856500E-03	6.659900E-03	1.411200E+03	1.412400E+05	1.081600E+02	1.982000E+03	1.262000E+04	1.197700E+05	5.229600E+01	5.921700E+01	3.391600E-02	2.319572E+05	1.751738E+03	9.641811E+04
4.800000E-02	1.184400E+04	2.201800E+01	1.859000E-03	6.318700E-03	1.379700E+03	1.368300E+05	1.069800E+02	2.043000E+03	1.306700E+04	1.235500E+05	5.376500E+01	6.079600E+01	3.561300E-02	2.404497E+05	1.899858E+03	1.064061E+05
5.000000E-02	1.173500E+04	2.184500E+01	1.861500E-03	5.998100E-03	1.449700E+03	1.328400E+05	1.062300E+02	2.114400E+03	1.351200E+04	1.310400E+05	5.522000E+01	6.237300E+01	3.847800E-02	2.487894E+05	2.052851E+03	1.168547E+05
5.200000E-02	1.162200E+04	2.166700E+01	1.864200E-03	5.697200E-03	1.502800E+03	1.293300E+05	1.060100E+02	2.196100E+03	1.395300E+04	1.379000E+05	5.666200E+01	6.394700E+01	4.128400E-02	2.569728E+05	2.211477E+03	1.278893E+05
5.400000E-02	1.150600E+04	2.148300E+01	1.867100E-03	5.414900E-03	1.526800E+03	1.258800E+05	1.056700E+02	2.276000E+03	1.438800E+04	1.444400E+05	5.809100E+01	6.552100E+01	4.412000E-02	2.649966E+05	2.376050E+03	1.394717E+05
5.600000E-02	1.138800E+04	2.129500E+01	1.869900E-03	5.150000E-03	1.503700E+03	1.221300E+05	1.045800E+02	2.343500E+03	1.482000E+04	1.483100E+05	5.951000E+01	6.709300E+01	4.624400E-02	2.728588E+05	2.546048E+03	1.514805E+05
5.800000E-02	1.126800E+04	2.110300E+01	1.872900E-03	4.901400E-03	1.534500E+03	1.186700E+05	1.037500E+02	2.415600E+03	1.524300E+04	1.543600E+05	6.091900E+01	6.866500E+01	4.916900E-02	2.805584E+05	2.721183E+03	1.638956E+05
6.000000E-02	1.114400E+04	2.090600E+01	1.876000E-03	4.668200E-03	1.558600E+03	1.153200E+05	1.028700E+02	2.486100E+03	1.565500E+04	1.602700E+05	6.232000E+01	7.023500E+01	5.218900E-02	2.880931E+05	2.901565E+03	1.767996E+05
6.200000E-02	1.101700E+04	2.070300E+01	1.879300E-03	4.449600E-03	1.631800E+03	1.125500E+05	1.028200E+02	2.571200E+03	1.605000E+04	1.697100E+05	6.371200E+01	7.180400E+01	5.654900E-02	2.954600E+05	3.087674E+03	1.903301E+05
6.400000E-02	1.088400E+04	2.049200E+01	1.882800E-03	4.245300E-03	1.639500E+03	1.104700E+05	1.038200E+02	2.675000E+03	1.641900E+04	1.750100E+05	6.509400E+01	7.337000E+01	5.974900E-02	3.026551E+05	3.280734E+03	2.044636E+05
6.600000E-02	1.074800E+04	2.027600E+01	1.886500E-03	4.054100E-03	1.643500E+03	1.081500E+05	1.042000E+02	2.769500E+03	1.676900E+04	1.806000E+05	6.646700E+01	7.493200E+01	6.322000E-02	3.096745E+05	3.481092E+03	2.190449E+05
6.800000E-02	1.061100E+04	2.005600E+01	1.890200E-03	3.875600E-03	1.614300E+03	1.053700E+05	1.034700E+02	2.842400E+03	1.709500E+04	1.832700E+05	6.782800E+01	7.648700E+01	6.582700E-02	3.165179E+05	3.687610E+03	2.339663E+05
7.000000E-02	1.047100E+04	1.983200E+01	1.894000E-03	3.709200E-03	1.592400E+03	1.023400E+05	1.019900E+02	2.896600E+03	1.739500E+04	1.856800E+05	6.917600E+01	7.803400E+01	6.848300E-02	3.231850E+05	3.898805E+03	2.490978E+05
7.200000E-02	1.033000E+04	1.960500E+01	1.897800E-03	3.553800E-03	1.572800E+03	9.929700E+04	1.002100E+02	2.941400E+03	1.766900E+04	1.878600E+05	7.051200E+01	7.957200E+01	7.119600E-02	3.296755E+05	4.113643E+03	2.644186E+05
7.400000E-02	1.018700E+04	1.937400E+01	1.901800E-03	3.408700E-03	1.551700E+03	9.631200E+04	9.829100E+01	2.977000E+03	1.791500E+04	1.898000E+05	7.183600E+01	8.110000E+01	7.395800E-02	3.359900E+05	4.331440E+03	2.799090E+05
7.600000E-02	1.004300E+04	1.914100E+01	1.905900E-03	3.273300E-03	1.528200E+03	9.342800E+04	9.631900E+01	3.006200E+03	1.813100E+04	1.914600E+05	7.314700E+01	8.261700E+01	7.676400E-02	3.421291E+05	4.551622E+03	2.955473E+05
7.800000E-02	9.897300E+03	1.890600E+01	1.910200E-03	3.147100E-03	1.501600E+03	9.066400E+04	9.434400E+01	3.028700E+03	1.831500E+04	1.928200E+05	7.444500E+01	8.412000E+01	7.960400E-02	3.480937E+05	4.773706E+03	3.113097E+05
8.000000E-02	9.750600E+03	1.866800E+01	1.914500E-03	3.028800E-03	1.475200E+03	8.799900E+04	9.235100E+01	3.047300E+03	1.847100E+04	1.939500E+05	7.573200E+01	8.561400E+01	8.249600E-02	3.538846E+05	4.997303E+03	3.271743E+05
8.200000E-02	9.602900E+03	1.842800E+01	1.919000E-03	2.918400E-03	1.445600E+03	8.546400E+04	9.040200E+01	3.059700E+03	1.859300E+04	1.947800E+05	7.700600E+01	8.709500E+01	8.541900E-02	3.595033E+05	5.222041E+03	3.431192E+05
8.400000E-02	9.453100E+03	1.818500E+01	1.923700E-03	2.815400E-03	1.426500E+03	8.328700E+04	8.899800E+01	3.076100E+03	1.867700E+04	1.970000E+05	7.826400E+01	8.855900E+01	8.915200E-02	3.649506E+05	5.447838E+03	3.591886E+05
8.600000E-02	9.302100E+03	1.793900E+01	1.928500E-03	2.719400E-03	1.384700E+03	8.115400E+04	8.748100E+01	3.084700E+03	1.872300E+04	1.970800E+05	7.950400E+01	9.000500E+01	9.210800E-02	3.702273E+05	5.674556E+03	3.753519E+05
8.800000E-02	9.149500E+03	1.769100E+01	1.933500E-03	2.630500E-03	1.341900E+03	7.901900E+04	8.573900E+01	3.081100E+03	1.872600E+04	1.967200E+05	8.071700E+01	9.142000E+01	9.503200E-02	3.753346E+05	5.901457E+03	3.915041E+05
9.000000E-02	8.995500E+03	1.743900E+01	1.938700E-03	2.547800E-03	1.309200E+03	7.710600E+04	8.429000E+01	3.079600E+03	1.868900E+04	1.971400E+05	8.190900E+01	9.281300E+01	9.852300E-02	3.802735E+05	6.128171E+03	4.076585E+05
9.200000E-02	8.841100E+03	1.718700E+01	1.943900E-03	2.470600E-03	1.267500E+03	7.513500E+04	8.253500E+01	3.067800E+03	1.861600E+04	1.960500E+05	8.307900E+01	9.418100E+01	1.014300E-01	3.850461E+05	6.354395E+03	4.237854E+05
9.400000E-02	8.686400E+03	1.693300E+01	1.949400E-03	2.398700E-03	1.228600E+03	7.317800E+04	8.063700E+01	3.049000E+03	1.850900E+04	1.946400E+05	8.422700E+01	9.552400E+01	1.043200E-01	3.896546E+05	6.579493E+03	4.398100E+05
9.600000E-02	8.531800E+03	1.667900E+01	1.954900E-03	2.331200E-03	1.189700E+03	7.125500E+04	7.866700E+01	3.024800E+03	1.837300E+04	1.929800E+05	8.535900E+01	9.685000E+01	1.072100E-01	3.941020E+05	6.803009E+03	4.557088E+05
9.800000E-02	8.377100E+03	1.642400E+01	1.960600E-03	2.268000E-03	1.152000E+03	6.938600E+04	7.667100E+01	2.994900E+03	1.820600E+04	1.910300E+05	8.647100E+01	9.815100E+01	1.100800E-01	3.983910E+05	7.024534E+03	4.714597E+05
1.000000E-01	8.222500E+03	1.616900E+01	1.966400E-03	2.209100E-03	1.113700E+03	6.757700E+04	7.466700E+01	2.959400E+03	1.800900E+04	1.887900E+05	8.755900E+01	9.942500E+01	1.129200E-01	4.025246E+05	7.243653E+03	4.870388E+05
1.050000E-01	7.837700E+03	1.553000E+01	1.981500E-03	2.078100E-03	1.015800E+03	6.330600E+04	6.965100E+01	2.848700E+03	1.739300E+04	1.820500E+05	9.016900E+01	1.024800E+02	1.198500E-01	4.122025E+05	7.777998E+03	5.250650E+05
1.100000E-01	7.457100E+03	1.489400E+01	1.997300E-03	1.967600E-03	9.148200E+02	5.934500E+04	6.464100E+01	2.710000E+03	1.663000E+04	1.739100E+05	9.261600E+01	1.053500E+02	1.264700E-01	4.209803E+05	8.289398E+03	5.615640E+05
1.150000E-01	7.082000E+03	1.426200E+01	2.013800E-03	1.874100E-03	8.152600E+02	5.585000E+04	6.010300E+01	2.561700E+03	1.574700E+04	1.654700E+05	9.489500E+01	1.080200E+02	1.334200E-01	4.289126E+05	8.774395E+03	5.963603E+05
1.200000E-01	6.718500E+03	1.364300E+01	2.030700E-03	1.798000E-03	7.318300E+02	5.255600E+04	5.547400E+01	2.402000E+03	1.477200E+04	1.555900E+05	9.691800E+01	1.103900E+02	1.394000E-01	4.360595E+05	9.231055E+03	6.292761E+05
1.250000E-01	6.366700E+03	1.303900E+01	2.048000E-03	1.733100E-03	6.428800E+02	4.934900E+04	5.073500E+01	2.229600E+03	1.376200E+04	1.449300E+05	9.877500E+01	1.125600E+02	1.445900E-01	4.424850E+05	9.657162E+03	6.600848E+05
1.300000E-01	6.027200E+03	1.245100E+01	2.065900E-03	1.677800E-03	5.715100E+02	4.633500E+04	4.619800E+01	2.057700E+03	1.274000E+04	1.341700E+05	1.004700E+02	1.145400E+02	1.493600E-01	4.482497E+05	1.005159E+04	6.886962E+05
1.350000E-01	5.700800E+03	1.188200E+01	2.084300E-03	1.630400E-03	5.133100E+02	4.351100E+04	4.192100E+01	1.891200E+03	1.172900E+04	1.235500E+05	1.020200E+02	1.163400E+02	1.537400E-01	4.534116E+05	1.041489E+04	7.151150E+05
1.400000E-01	5.388200E+03	1.133200E+01	2.103200E-03	1.589700E-03	4.604200E+02	4.086200E+04	3.791700E+01	1.730000E+03	1.074600E+04	1.132300E+05	1.034200E+02	1.179700E+02	1.577200E-01	4.580265E+05	1.074804E+04	7.393866E+05
1.450000E-01	5.086000E+03	1.079600E+01	2.122800E-03	1.553400E-03	4.070500E+02	3.832000E+04	3.412200E+01	1.572000E+03	9.798700E+03	1.032900E+05	1.047300E+02	1.195000E+02	1.614700E-01	4.621440E+05	1.105183E+04	7.615806E+05
1.500000E-01	4.797700E+03	1.027900E+01	2.142500E-03	1.521700E-03	3.596300E+02	3.592300E+04	3.060800E+01	1.422900E+03	8.900900E+03	9.386400E+04	1.059300E+02	1.208900E+02	1.649100E-01	4.658104E+05	1.132736E+04	7.817884E+05
1.550000E-01	4.525800E+03	9.781700E+00	2.161300E-03	1.494100E-03	3.311100E+02	3.367800E+04	2.739500E+01	1.287200E+03	8.066500E+03	8.510300E+04	1.070100E+02	1.221400E+02	1.680200E-01	4.690730E+05	1.157669E+04	8.001313E+05
1.600000E-01	4.273100E+03	9.305000E+00	2.177600E-03	1.470200E-03	3.400100E+02	3.159700E+04	2.450600E+01	1.169400E+03	7.308100E+03	7.713400E+04	1.079900E+02	1.232800E+02	1.708300E-01	4.719786E+05	1.180269E+04	8.167595E+05
1.650000E-01	4.041200E+03	8.848400E+00	2.189500E-03	1.449300E-03	3.815900E+02	2.969000E+04	2.194800E+01	1.071100E+03	6.630600E+03	7.001000E+04	1.088800E+02	1.243000E+02	1.733600E-01	4.745729E+05	1.200882E+04	8.318418E+05
1.700000E-01	3.825900E+03	8.411100E+00	2.198400E-03	1.431000E-03	4.008100E+02	2.794400E+04	1.969200E+01	9.837100E+02	6.019100E+03	6.357500E+04	1.096700E+02	1.252200E+02	1.756400E-01	4.768956E+05	1.219786E+04	8.455363E+05
1.750000E-01	3.624100E+03	7.992600E+00	2.205400E-03	1.414900E-03	3.960400E+02	2.633700E+04	1.769100E+01	9.032300E+02	5.462200E+03	5.772200E+04	1.103900E+02	1.260500E+02	1.777300E-01	4.789785E+05	1.237146E+04	8.579730E+05
1.800000E-01	3.433900E+03	7.591800E+00	2.210800E-03	1.400700E-03	3.838100E+02	2.488800E+04	1.595700E+01	8.312400E+02	4.953700E+03	5.249400E+04	1.110400E+02	1.268000E+02	1.800300E-01	4.808479E+05	1.253103E+04	8.692755E+05
1.850000E-01	3.254200E+03	7.208600E+00	2.215200E-03	1.388100E-03	3.637400E+02	2.350100E+04	1.435700E+01	7.642400E+02	4.489000E+03	4.757800E+04	1.116300E+02	1.274800E+02	1.816900E-01	4.825265E+05	1.267782E+04	8.795395E+05
1.900000E-01	3.084300E+03	6.842600E+00	2.218500E-03	1.377000E-03	3.432600E+02	2.219300E+04	1.290600E+01	7.026200E+02	4.064900E+03	4.309000E+04	1.121600E+02	1.280900E+02	1.831800E-01	4.840342E+05	1.281277E+04	8.888410E+05
1.950000E-01	2.923700E+03	6.493400E+00	2.221000E-03	1.367200E-03	3.243000E+02	2.096700E+04	1.160200E+01	6.464300E+02	3.678800E+03	3.900100E+04	1.126400E+02	1.286400E+02	1.845200E-01	4.853888E+05	1.293688E+04	8.972645E+05
2.000000E-01	2.771900E+03	6.160300E+00	2.222400E-03	1.358500E-03	3.085000E+02	1.981900E+04	1.043300E+01	5.956700E+02	3.328000E+03	3.528600E+04	1.130700E+02	1.291400E+02	1.857200E-01	4.866062E+05	1.305115E+04	9.048892E+05
2.050000E-01	2.628000E+03	5.842900E+00	2.223300E-03	1.350700E-03	2.908200E+02	1.874300E+04	9.383600E+00	5.486600E+02	3.008700E+03	3.190300E+04	1.134600E+02	1.295900E+02	1.868000E-01	4.877004E+05	1.315643E+04	9.117873E+05
2.100000E-01	2.491400E+03	5.540500E+00	2.223900E-03	1.343900E-03	2.713200E+02	1.773000E+04	8.439700E+00	5.044700E+02	2.717700E+03	2.881900E+04	1.138100E+02	1.299900E+02	1.877700E-01	4.886839E+05	1.325332E+04	9.180232E+05
2.150000E-01	2.361400E+03	5.252700E+00	2.224400E-03	1.337700E-03	2.521500E+02	1.677400E+04	7.588800E+00	4.630000E+02	2.452800E+03	2.601000E+04	1.141300E+02	1.303600E+02	1.886300E-01	4.895676E+05	1.334233E+04	9.236554E+05
2.200000E-01	2.237900E+03	4.978800E+00	2.224800E-03	1.332300E-03	2.343300E+02	1.587100E+04	6.821200E+00	4.242900E+02	2.211800E+03	2.345600E+04	1.144100E+02	1.306800E+02	1.894100E-01	4.903615E+05	1.342396E+04	9.287380E+05
2.250000E-01	2.120500E+03	4.718400E+00	2.225200E-03	1.327500E-03	2.179400E+02	1.501700E+04	6.129000E+00	3.882900E+02	1.993100E+03	2.113700E+04	1.146700E+02	1.309800E+02	1.901000E-01	4.910743E+05	1.349872E+04	9.333211E+05
2.300000E-01	2.009000E+03	4.471000E+00	2.225500E-03	1.323200E-03	2.029100E+02	1.420900E+04	5.505000E+00	3.549100E+02	1.794800E+03	1.903400E+04	1.149000E+02	1.312500E+02	1.907100E-01	4.917143E+05	1.356709E+04	9.374508E+05
2.350000E-01	1.903100E+03	4.235900E+00	2.225800E-03	1.319300E-03	1.891200E+02	1.344500E+04	4.942800E+00	3.240400E+02	1.615300E+03	1.712900E+04	1.151100E+02	1.314800E+02	1.912600E-01	4.922886E+05	1.362955E+04	9.411694E+05
2.400000E-01	1.802600E+03	4.012700E+00	2.226100E-03	1.315900E-03	1.764300E+02	1.272100E+04	4.436600E+00	2.955500E+02	1.452900E+03	1.540700E+04	1.152900E+02	1.317000E+02	1.917500E-01	4.928040E+05	1.368656E+04	9.445157E+05
2.450000E-01	1.707300E+03	3.801000E+00	2.226300E-03	1.312900E-03	1.647600E+02	1.203700E+04	3.981300E+00	2.693000E+02	1.306300E+03	1.385200E+04	1.154600E+02	1.318900E+02	1.921800E-01	4.932663E+05	1.373852E+04	9.475258E+05
2.500000E-01	1.616900E+03	3.600200E+00	2.226600E-03	1.310200E-03	1.540000E+02	1.139000E+04	3.571800E+00	2.451600E+02	1.174100E+03	1.244900E+04	1.156100E+02	1.320600E+02	1.925700E-01	4.936810E+05	1.378585E+04	9.502322E+05
2.550000E-01	1.531200E+03	3.409700E+00	2.226800E-03	1.307900E-03	1.440500E+02	1.077700E+04	3.203800E+00	2.230100E+02	1.054800E+03	1.118400E+04	1.157500E+02	1.322200E+02	1.929100E-01	4.940529E+05	1.382892E+04	9.526645E+05
2.600000E-01	1.449900E+03	3.229000E+00	2.227100E-03	1.305700E-03	1.348400E+02	1.019800E+04	2.873100E+00	2.027200E+02	9.473200E+02	1.004400E+04	1.158700E+02	1.323600E+02	1.932100E-01	4.943864E+05	1.386809E+04	9.548498E+05
2.650000E-01	1.372900E+03	3.057800E+00	2.227300E-03	1.303900E-03	1.262900E+02	9.649000E+03	2.576000E+00	1.841500E+02	8.505500E+02	9.017100E+03	1.159700E+02	1.324800E+02	1.934800E-01	4.946854E+05	1.390368E+04	9.568125E+05
2.700000E-01	1.299800E+03	2.895400E+00	2.227500E-03	1.302200E-03	1.183500E+02	9.130000E+03	2.309200E+00	1.671700E+02	7.634600E+02	8.093300E+03	1.160700E+02	1.325900E+02	1.937100E-01	4.949535E+05	1.393600E+04	9.585747E+05
2.750000E-01	1.230700E+03	2.741500E+00	2.227700E-03	1.300700E-03	1.109700E+02	8.638800E+03	2.069800E+00	1.516800E+02	6.851300E+02	7.262500E+03	1.161600E+02	1.326900E+02	1.939200E-01	4.951938E+05	1.396534E+04	9.601565E+05
2.800000E-01	1.165100E+03	2.595700E+00	2.227900E-03	1.299400E-03	1.040900E+02	8.174000E+03	1.854900E+00	1.375400E+02	6.147100E+02	6.515600E+03	1.162400E+02	1.327800E+02	1.941000E-01	4.954092E+05	1.399195E+04	9.615761E+05
2.850000E-01	1.103000E+03	2.457600E+00	2.228100E-03	1.298200E-03	9.768800E+01	7.734300E+03	1.662200E+00	1.246600E+02	5.514300E+02	5.844400E+03	1.163100E+02	1.328600E+02	1.942700E-01	4.956023E+05	1.401607E+04	9.628498E+05
2.900000E-01	1.044200E+03	2.326700E+00	2.228300E-03	1.297200E-03	9.171100E+01	7.318200E+03	1.489400E+00	1.129400E+02	4.945800E+02	5.241500E+03	1.163700E+02	1.329300E+02	1.944100E-01	4.957753E+05	1.403793E+04	9.639924E+05
2.950000E-01	9.884800E+02	2.202800E+00	2.228500E-03	1.296300E-03	8.613300E+01	6.924500E+03	1.334400E+00	1.022700E+02	4.435300E+02	4.700200E+03	1.164300E+02	1.330000E+02	1.945300E-01	4.959304E+05	1.405773E+04	9.650173E+05
3.000000E-01	9.357200E+02	2.085400E+00	2.228600E-03	1.295400E-03	8.092100E+01	6.552000E+03	1.195400E+00	9.256900E+01	3.977000E+02	4.214300E+03	1.164800E+02	1.330600E+02	1.946400E-01	4.960693E+05	1.407565E+04	9.659365E+05
3.050000E-01	8.857600E+02	1.974200E+00	2.228800E-03	1.294700E-03	7.604900E+01	6.199600E+03	1.070900E+00	8.375700E+01	3.565700E+02	3.778200E+03	1.165200E+02	1.331100E+02	1.947400E-01	4.961938E+05	1.409187E+04	9.667608E+05
3.100000E-01	8.384600E+02	1.868900E+00	2.229000E-03	1.294100E-03	7.149100E+01	5.866200E+03	9.592700E-01	7.575700E+01	3.196600E+02	3.386900E+03	1.165600E+02	1.331600E+02	1.948200E-01	4.963054E+05	1.410655E+04	9.674999E+05
3.150000E-01	7.936700E+02	1.769200E+00	2.229100E-03	1.293500E-03	6.722500E+01	5.550800E+03	8.592500E-01	6.849700E+01	2.865500E+02	3.035900E+03	1.166000E+02	1.332000E+02	1.949000E-01	4.964053E+05	1.411982E+04	9.681625E+05
3.200000E-01	7.512700E+02	1.674800E+00	2.229300E-03	1.293000E-03	6.322900E+01	5.252300E+03	7.696400E-01	6.191300E+01	2.568500E+02	2.721000E+03	1.166300E+02	1.332300E+02	1.949600E-01	4.964949E+05	1.413182E+04	9.687565E+05
3.250000E-01	7.111300E+02	1.585400E+00	2.229400E-03	1.292500E-03	5.948500E+01	4.970000E+03	6.893600E-01	5.594400E+01	2.302200E+02	2.438700E+03	1.166600E+02	1.332700E+02	1.950200E-01	4.965752E+05	1.414266E+04	9.692890E+05
3.300000E-01	6.731200E+02	1.500800E+00	2.229600E-03	1.292100E-03	5.597500E+01	4.702900E+03	6.174300E-01	5.053600E+01	2.063300E+02	2.185600E+03	1.166900E+02	1.333000E+02	1.950700E-01	4.966471E+05	1.415246E+04	9.697663E+05
3.350000E-01	6.371500E+02	1.420600E+00	2.229700E-03	1.291800E-03	5.268400E+01	4.450100E+03	5.530100E-01	4.563800E+01	1.849200E+02	1.958600E+03	1.167100E+02	1.333200E+02	1.951100E-01	4.967115E+05	1.416131E+04	9.701941E+05
3.400000E-01	6.030900E+02	1.344800E+00	2.229800E-03	1.291500E-03	4.959600E+01	4.211000E+03	4.953000E-01	4.120400E+01	1.657200E+02	1.755200E+03	1.167300E+02	1.333500E+02	1.951500E-01	4.967692E+05	1.416930E+04	9.705776E+05
3.450000E-01	5.708600E+02	1.273000E+00	2.230000E-03	1.291200E-03	4.669800E+01	3.984800E+03	4.436000E-01	3.719100E+01	1.485100E+02	1.572800E+03	1.167500E+02	1.333700E+02	1.951800E-01	4.968210E+05	1.417651E+04	9.709212E+05
3.500000E-01	5.403400E+02	1.205000E+00	2.230100E-03	1.291000E-03	4.397700E+01	3.770800E+03	3.973100E-01	3.356000E+01	1.330800E+02	1.409300E+03	1.167700E+02	1.333900E+02	1.952000E-01	4.968673E+05	1.418302E+04	9.712292E+05
3.550000E-01	5.114600E+02	1.140700E+00	2.230200E-03	1.290700E-03	4.142200E+01	3.568300E+03	3.558400E-01	3.027700E+01	1.192500E+02	1.262800E+03	1.167800E+02	1.334100E+02	1.952300E-01	4.969088E+05	1.418889E+04	9.715053E+05
3.600000E-01	4.841200E+02	1.079700E+00	2.230300E-03	1.290500E-03	3.902200E+01	3.376700E+03	3.187000E-01	2.730900E+01	1.068600E+02	1.131600E+03	1.168000E+02	1.334200E+02	1.952500E-01	4.969460E+05	1.419419E+04	9.717526E+05
3.650000E-01	4.582400E+02	1.022100E+00	2.230400E-03	1.290400E-03	3.676600E+01	3.195500E+03	2.854400E-01	2.462600E+01	9.575200E+01	1.013900E+03	1.168100E+02	1.334400E+02	1.952600E-01	4.969793E+05	1.419897E+04	9.719743E+05
3.700000E-01	4.337400E+02	9.674700E-01	2.230500E-03	1.290200E-03	3.464700E+01	3.024000E+03	2.556600E-01	2.220200E+01	8.579900E+01	9.084600E+02	1.168200E+02	1.334500E+02	1.952800E-01	4.970092E+05	1.420327E+04	9.721730E+05
3.750000E-01	4.105600E+02	9.158000E-01	2.230600E-03	1.290100E-03	3.265400E+01	2.861700E+03	2.289800E-01	2.001300E+01	7.688000E+01	8.139900E+02	1.168300E+02	1.334600E+02	1.952900E-01	4.970360E+05	1.420716E+04	9.723510E+05
3.800000E-01	3.886100E+02	8.668900E-01	2.230700E-03	1.290000E-03	3.078000E+01	2.708200E+03	2.050900E-01	1.803600E+01	6.888700E+01	7.293300E+02	1.168400E+02	1.334700E+02	1.953000E-01	4.970599E+05	1.421066E+04	9.725105E+05
3.850000E-01	3.678400E+02	8.205800E-01	2.230800E-03	1.289900E-03	2.901800E+01	2.562900E+03	1.836900E-01	1.625100E+01	6.172500E+01	6.534800E+02	1.168500E+02	1.334800E+02	1.953100E-01	4.970814E+05	1.421381E+04	9.726535E+05
3.900000E-01	3.481800E+02	7.767600E-01	2.230900E-03	1.289800E-03	2.736000E+01	2.425500E+03	1.645300E-01	1.464100E+01	5.530700E+01	5.855100E+02	1.168500E+02	1.334900E+02	1.953200E-01	4.971006E+05	1.421665E+04	9.727816E+05
3.950000E-01	3.295700E+02	7.352700E-01	2.231000E-03	1.289700E-03	2.580000E+01	2.295400E+03	1.473700E-01	1.318700E+01	4.955600E+01	5.246100E+02	1.168600E+02	1.334900E+02	1.953200E-01	4.971179E+05	1.421921E+04	9.728964E+05
4.000000E-01	3.119600E+02	6.960000E-01	2.231100E-03	1.289600E-03	2.433200E+01	2.172300E+03	1.320000E-01	1.187600E+01	4.440400E+01	4.700500E+02	1.168700E+02	1.335000E+02	1.953300E-01	4.971333E+05	1.422152E+04	9.729993E+05
4.050000E-01	2.952800E+02	6.588300E-01	2.231200E-03	1.289500E-03	2.295100E+01	2.055900E+03	1.182300E-01	1.069300E+01	3.978700E+01	4.211600E+02	1.168700E+02	1.335000E+02	1.953300E-01	4.971472E+05	1.422360E+04	9.730914E+05
4.100000E-01	2.795000E+02	6.236400E-01	2.231200E-03	1.289400E-03	2.165000E+01	1.945700E+03	1.059000E-01	9.626700E+00	3.565000E+01	3.773500E+02	1.168700E+02	1.335100E+02	1.953400E-01	4.971596E+05	1.422547E+04	9.731740E+05
4.150000E-01	2.645700E+02	5.903300E-01	2.231300E-03	1.289400E-03	2.042500E+01	1.841400E+03	9.486100E-02	8.665200E+00	3.194300E+01	3.381100E+02	1.168800E+02	1.335100E+02	1.953400E-01	4.971707E+05	1.422715E+04	9.732481E+05
4.200000E-01	2.504300E+02	5.588000E-01	2.231400E-03	1.289300E-03	1.927200E+01	1.742800E+03	8.497200E-02	7.798600E+00	2.862200E+01	3.029400E+02	1.168800E+02	1.335200E+02	1.953400E-01	4.971806E+05	1.422866E+04	9.733144E+05
4.250000E-01	2.370500E+02	5.289600E-01	2.231500E-03	1.289300E-03	1.818600E+01	1.649400E+03	7.611500E-02	7.017700E+00	2.564600E+01	2.714400E+02	1.168900E+02	1.335200E+02	1.953500E-01	4.971895E+05	1.423003E+04	9.733738E+05
4.300000E-01	2.243800E+02	5.007100E-01	2.231500E-03	1.289200E-03	1.716300E+01	1.561000E+03	6.818100E-02	6.314000E+00	2.297900E+01	2.432100E+02	1.168900E+02	1.335200E+02	1.953500E-01	4.971975E+05	1.423125E+04	9.734271E+05
4.350000E-01	2.123900E+02	4.739700E-01	2.231600E-03	1.289100E-03	1.619900E+01	1.477400E+03	6.107600E-02	5.680100E+00	2.059000E+01	2.179200E+02	1.168900E+02	1.335300E+02	1.953500E-01	4.972047E+05	1.423236E+04	9.734748E+05
4.400000E-01	2.010400E+02	4.486600E-01	2.231600E-03	1.289100E-03	1.529000E+01	1.398300E+03	5.471200E-02	5.109100E+00	1.845000E+01	1.952500E+02	1.168900E+02	1.335300E+02	1.953600E-01	4.972111E+05	1.423335E+04	9.735176E+05
4.450000E-01	1.903000E+02	4.247000E-01	2.231700E-03	1.289000E-03	1.443400E+01	1.323400E+03	4.901100E-02	4.595000E+00	1.653200E+01	1.749500E+02	1.169000E+02	1.335300E+02	1.953600E-01	4.972169E+05	1.423424E+04	9.735559E+05
4.500000E-01	1.801400E+02	4.020200E-01	2.231800E-03	1.289000E-03	1.362800E+01	1.252600E+03	4.390500E-02	4.132000E+00	1.481300E+01	1.567600E+02	1.169000E+02	1.335300E+02	1.953600E-01	4.972220E+05	1.423505E+04	9.735902E+05
4.550000E-01	1.705100E+02	3.805500E-01	2.231800E-03	1.288900E-03	1.286700E+01	1.185500E+03	3.933100E-02	3.715300E+00	1.327300E+01	1.404600E+02	1.169000E+02	1.335400E+02	1.953700E-01	4.972266E+05	1.423577E+04	9.736210E+05
4.600000E-01	1.614000E+02	3.602300E-01	2.231900E-03	1.288800E-03	1.215000E+01	1.122000E+03	3.523400E-02	3.340200E+00	1.189300E+01	1.258600E+02	1.169000E+02	1.335400E+02	1.953700E-01	4.972307E+05	1.423642E+04	9.736486E+05
4.650000E-01	1.527800E+02	3.409900E-01	2.231900E-03	1.288800E-03	1.147400E+01	1.062000E+03	3.156500E-02	3.002600E+00	1.065700E+01	1.127700E+02	1.169000E+02	1.335400E+02	1.953800E-01	4.972345E+05	1.423700E+04	9.736733E+05
4.700000E-01	1.446200E+02	3.227800E-01	2.232000E-03	1.288700E-03	1.083600E+01	1.005100E+03	2.827800E-02	2.698800E+00	9.549400E+00	1.010500E+02	1.169000E+02	1.335400E+02	1.953800E-01	4.972378E+05	1.423752E+04	9.736954E+05
4.750000E-01	1.368900E+02	3.055500E-01	2.232000E-03	1.288600E-03	1.023500E+01	9.513300E+02	2.533300E-02	2.425500E+00	8.556900E+00	9.054200E+01	1.169000E+02	1.335400E+02	1.953900E-01	4.972407E+05	1.423800E+04	9.737153E+05
4.800000E-01	1.295800E+02	2.892300E-01	2.232100E-03	1.288500E-03	9.667300E+00	9.004100E+02	2.269500E-02	2.179600E+00	7.667600E+00	8.113000E+01	1.169100E+02	1.335400E+02	1.954000E-01	4.972434E+05	1.423842E+04	9.737330E+05
4.850000E-01	1.226600E+02	2.737900E-01	2.232100E-03	1.288500E-03	9.132100E+00	8.522200E+02	2.033200E-02	1.958500E+00	6.870700E+00	7.269600E+01	1.169100E+02	1.335400E+02	1.954000E-01	4.972458E+05	1.423880E+04	9.737490E+05
4.900000E-01	1.161100E+02	2.591600E-01	2.232100E-03	1.288400E-03	8.627100E+00	8.066100E+02	1.821500E-02	1.759600E+00	6.156700E+00	6.514000E+01	1.169100E+02	1.335400E+02	1.954100E-01	4.972479E+05	1.423914E+04	9.737632E+05
4.950000E-01	1.099000E+02	2.453200E-01	2.232200E-03	1.288300E-03	8.150700E+00	7.634400E+02	1.631900E-02	1.580800E+00	5.516900E+00	5.836900E+01	1.169100E+02	1.335400E+02	1.954200E-01	4.972499E+05	1.423945E+04	9.737760E+05
5.000000E-01	1.040300E+02	2.322200E-01	2.232200E-03	1.288100E-03	7.701000E+00	7.225800E+02	1.462000E-02	1.420000E+00	4.943700E+00	5.230200E+01	1.169100E+02	1.335500E+02	1.954300E-01	4.972516E+05	1.423973E+04	9.737875E+05
